z[m]		ws[m/s]		rms[m/s]
0.000		4.502		1.544
28.191		6.839		1.532
56.382		9.590		1.512
84.572		8.769		0.233
112.763		10.719		0.251
140.954		12.625		0.146
169.145		13.876		0.081
197.335		14.724		0.075
225.526		15.273		0.048
253.717		15.679		0.039
281.908		15.877		0.027
310.099		15.909		0.036
338.289		15.867		0.049
366.480		15.896		0.058
394.671		15.971		0.071
422.862		16.019		0.074
451.052		15.920		0.058
479.243		15.818		0.058
507.434		15.647		0.062
535.625		15.516		0.061
563.816		15.346		0.061
592.006		15.210		0.059
620.197		15.109		0.078
648.388		15.067		0.085
676.579		15.102		0.091
704.769		15.128		0.083
732.960		15.161		0.082
761.151		15.118		0.081
789.342		15.007		0.081
817.533		14.883		0.069
845.723		14.678		0.064
873.914		14.463		0.057
902.105		14.179		0.062
930.296		13.832		0.039
958.487		13.633		0.057
986.677		13.451		0.043
1014.868		13.339		0.033
1043.059		13.256		0.059
1071.250		13.216		0.056
1099.440		13.074		0.081
1127.631		13.048		0.099
1155.822		13.007		0.076
1184.013		12.980		0.077
1212.203		12.887		0.099
1240.394		12.884		0.077
1268.585		12.782		0.129
1296.776		12.807		0.132
1324.967		12.821		0.141
1353.157		12.886		0.111
1381.348		13.151		0.136
1409.539		13.411		0.128
1437.730		13.568		0.142
1465.921		13.718		0.157
1494.111		13.933		0.151
1522.302		13.970		0.211
1550.493		14.128		0.255
1578.684		14.271		0.295
1606.875		14.356		0.363
1635.065		14.369		0.400
1663.256		14.641		0.430
1691.447		14.618		0.450
1719.638		14.548		0.468
1747.828		14.279		0.480
1776.019		14.111		0.475
1804.210		11.654		0.939
1832.401		11.285		0.999
1860.592		10.908		1.039
1888.782		10.530		1.092
1916.973		10.102		1.126
1945.164		9.717		1.034
1973.355		9.669		1.039
2001.545		11.711		0.460
2029.736		11.735		0.509
2057.927		11.892		0.413
2086.118		11.625		0.299
2114.309		11.234		0.281
2142.499		10.962		0.463
2170.690		11.009		0.463
2198.881		10.918		0.499
2227.072		10.411		0.610
2255.263		9.785		0.564
2283.453		9.756		0.623
2311.644		10.426		0.692
2339.835		10.568		0.650
2368.026		10.289		0.566
2396.216		11.479		1.401
2424.407		9.978		2.473
2452.598		10.169		2.541
2480.789		10.703		2.933
2508.979		8.151		3.339
2537.170		7.464		3.601
2565.361		5.316		4.330
2593.552		5.137		3.810
2621.742		6.773		3.181
2649.933		4.905		4.364
2678.124		6.304		3.469
2706.315		7.756		3.134
2734.506		7.015		2.452
2762.697		7.418		1.798
2790.887		6.483		2.057
2819.078		6.891		1.868
2847.269		5.348		3.037
2875.459		6.145		3.386
2903.650		2.530		2.588
2931.841		0.095		2.170
2960.032		2.069		2.035
2988.223		8.006		2.396
3016.413		5.839		2.231
3044.604		6.690		1.980
3072.795		3.952		2.224
3100.986		1.556		2.435
3129.177		3.080		2.889
3157.367		0.196		3.730
3185.558		3.914		4.314
3213.749		5.575		5.249
3241.940		7.630		6.189
3270.131		9.470		6.660
3298.321		9.346		6.027
3326.512		11.938		4.647
3354.703		9.085		4.829
3382.894		3.749		3.983
3411.084		3.821		3.507
3439.275		3.478		2.312
3467.466		2.326		2.114
3495.657		5.862		2.286
3523.848		8.088		3.789
3552.038		9.857		2.650
3580.229		9.219		2.837
3608.420		11.408		2.534
3636.611		10.576		2.221
3664.802		5.974		3.335
3692.992		2.601		2.428
3721.183		2.559		2.537
3749.374		0.213		3.769
3777.564		4.278		3.954
3805.756		7.454		3.766
3833.946		6.932		4.760
3862.137		1.783		5.040
3890.327		3.028		4.818
3918.519		7.469		3.002
3946.709		6.774		2.816
3974.900		4.719		2.128
4003.091		2.134		2.642
4031.281		1.706		2.768
4059.473		6.866		2.912
4087.663		3.462		2.295
4115.854		5.440		2.349
4144.044		2.593		2.035
4172.235		2.836		1.520
4200.426		3.783		3.098
4228.617		1.706		3.306
4256.808		1.744		2.750
4284.999		1.759		2.384
4313.189		7.770		2.267
4341.380		5.546		2.146
4369.571		0.856		2.522
4397.761		2.789		1.618
4425.953		5.236		1.480
4454.143		7.210		1.328
4482.334		9.009		1.512
4510.525		7.356		1.952
4538.715		11.158		2.741
4566.906		15.020		3.313
4595.097		16.816		2.290
4623.288		18.249		2.203
4651.479		18.202		1.808
4679.669		19.847		2.455
4707.860		20.082		3.200
4736.051		16.268		3.772
4764.242		15.854		4.547
4792.433		15.756		4.375
4820.624		15.476		4.921
4848.814		15.031		4.053
4877.005		9.700		4.480
4905.196		8.896		4.790
4933.386		4.392		4.135
4961.578		3.742		4.594
4989.768		3.550		3.687
5017.959		6.410		4.062
5046.150		4.397		3.600
5074.340		6.509		2.428
5102.531		10.407		2.963
5130.722		16.095		3.485
5158.913		15.353		3.347
5187.104		13.393		2.716
5215.294		12.678		2.087
5243.485		13.240		1.609
5271.676		11.851		2.692
5299.867		8.786		1.945
5328.058		2.985		1.606
5356.248		6.366		2.162
5384.439		7.177		2.649
5412.630		8.291		4.348
5440.821		4.864		4.164
5469.011		6.073		3.621
5497.202		7.101		3.900
5525.393		8.188		3.274
5553.583		6.524		3.424
5581.775		2.508		3.342
5609.965		6.210		2.817
5638.156		10.503		1.564
5666.347		9.811		2.582
5694.538		8.983		3.518
5722.729		12.725		2.783
5750.919		15.489		1.695
5779.110		10.831		2.801
5807.301		10.082		3.944
5835.492		9.383		4.502
5863.682		11.348		4.993
5891.873		13.153		4.257
5920.064		13.695		4.166
5948.254		14.114		4.804
5976.446		12.674		3.639
6004.636		6.775		3.547
6032.827		4.378		3.398
6061.018		1.665		3.813
6089.208		3.806		2.508
6117.400		12.013		2.458
6145.590		8.747		2.190
6173.781		9.632		1.785
6201.972		5.117		2.492
6230.163		3.639		2.590
6258.353		2.309		2.341
6286.544		9.880		2.717
6314.734		14.172		2.923
6342.926		10.274		2.646
6371.117		9.289		2.769
6399.307		9.256		3.363
6427.498		9.191		2.980
6455.688		7.498		3.722
6483.879		4.426		3.078
6512.070		9.029		4.128
6540.261		11.824		3.768
6568.451		9.479		4.504
6596.643		5.509		4.177
6624.833		10.961		2.522
6653.024		12.113		2.617
6681.215		9.862		3.687
6709.405		9.569		2.994
6737.597		11.402		3.070
6765.787		0.016		3.334
6793.978		7.343		3.480
6822.169		4.407		4.786
6850.359		6.546		3.392
6878.550		6.345		2.113
6906.741		4.542		3.547
6934.932		6.277		4.201
6963.123		3.431		4.614
6991.313		4.598		3.798
7019.504		3.073		3.093
7047.695		2.732		4.698
7075.886		5.817		5.277
7104.076		4.436		4.858
7132.268		5.234		4.840
7160.458		7.521		6.036
7188.649		6.113		5.574
7216.840		5.292		5.814
7245.030		7.391		4.386
7273.221		6.729		4.608
7301.412		6.111		5.195
7329.603		3.999		5.290
7357.794		9.709		3.930
7385.984		12.356		4.745
7414.175		8.545		4.200
7442.366		5.001		5.010
7470.557		6.886		5.881
7498.748		6.800		5.165
7526.938		7.670		5.312
7555.129		6.126		4.148
7583.320		6.385		3.619
7611.511		7.438		4.497
7639.701		0.005		4.039
7667.892		3.995		2.309
7696.083		5.571		2.244
7724.274		6.340		2.910
7752.465		2.395		3.044
7780.655		4.247		2.329
7808.847		1.982		2.506
7837.037		6.296		2.818
7865.228		12.097		2.444
7893.418		7.226		3.695
7921.609		3.822		3.031
7949.800		5.290		2.952
7977.991		3.837		2.190
8006.182		5.082		1.769
8034.373		4.970		1.672
8062.563		0.145		2.358
8090.753		2.365		2.315
8118.945		3.427		1.814
8147.136		5.100		1.613
8175.326		7.565		1.906
8203.517		7.129		2.330
8231.709		6.738		2.243
8259.898		2.074		3.172
8288.089		6.925		3.379
8316.280		4.746		2.389
8344.471		5.299		2.508
8372.661		3.261		2.542
8400.853		1.026		2.605
8429.044		1.456		2.776
8457.234		4.276		1.962
8485.425		5.464		1.381
8513.615		6.412		1.232
8541.807		9.162		1.741
8569.997		6.935		2.237
8598.188		7.894		1.055
8626.379		10.716		2.418
8654.569		8.864		2.664
8682.760		6.093		2.319
8710.952		1.883		3.559
8739.143		7.043		3.847
8767.333		0.131		3.407
8795.522		2.116		3.463
8823.714		0.096		5.022
8851.905		3.466		4.669
8880.096		2.645		4.742
8908.286		8.298		4.756
8936.478		10.370		4.160
8964.668		14.093		4.632
8992.859		16.365		5.398
