P[mb]	z[m]	T[C]	Td[C]	WS[m/s]
927.0	0.00	19.6	15.0	0.000
925.5	0.01	19.7	15.4	11.668
924.0	0.02	19.5	15.2	11.554
924.0	0.03	19.4	15.2	11.431
923.9	0.04	19.4	15.2	11.328
924.0	23.00	19.4	15.2	11.235
923.7	46.00	19.3	15.2	11.169
923.4	47.50	19.3	15.3	11.107
923.2	49.00	19.3	15.3	11.061
923.1	49.50	19.3	15.4	11.004
922.9	50.00	19.3	15.4	10.937
922.7	53.00	19.2	15.5	10.870
922.4	56.00	19.2	15.6	10.803
922.2	57.00	19.3	15.7	10.757
921.9	60.00	19.3	15.7	10.731
921.7	63.00	19.3	15.7	10.731
921.4	66.00	19.4	15.8	10.747
921.1	70.00	19.3	15.8	10.757
920.8	73.00	19.6	16.0	10.767
920.5	77.00	19.7	16.1	10.747
920.2	80.00	19.9	16.3	10.700
919.9	83.00	20.0	16.4	10.644
919.5	86.00	20.1	16.4	10.577
919.2	90.00	20.0	16.3	10.510
918.9	94.00	19.9	16.3	10.443
918.5	95.00	20.1	16.4	10.397
918.2	98.00	20.1	16.4	10.366
917.8	101.00	20.3	16.5	10.345
917.4	103.00	20.6	16.7	10.356
917.1	107.00	20.9	16.9	10.361
916.7	110.00	21.0	16.9	10.325
916.3	114.00	21.0	16.9	10.227
916.0	117.00	21.1	16.9	10.201
915.6	120.00	21.1	16.9	10.109
915.3	123.00	21.1	16.8	9.975
914.9	127.00	21.3	16.9	9.841
914.5	130.00	21.3	16.9	9.702
914.2	134.00	21.3	16.8	9.507
913.9	137.90	21.4	16.8	9.353
913.5	140.40	21.4	16.7	9.250
913.2	142.90	21.4	16.7	9.183
912.8	146.40	21.4	16.6	9.167
912.5	149.90	21.5	16.6	9.188
912.2	153.40	21.5	16.6	9.167
911.8	156.90	21.5	16.5	9.131
911.5	159.40	21.4	16.5	9.095
911.2	161.90	21.4	16.4	9.059
910.9	164.40	21.4	16.4	8.972
910.6	166.90	21.4	16.4	8.905
910.3	169.90	21.5	16.3	8.859
910.0	172.90	21.5	16.3	8.838
909.7	175.90	21.4	16.2	8.838
909.5	178.90	21.4	16.2	8.843
909.2	180.90	21.3	16.1	8.833
908.9	183.90	21.2	16.0	8.807
908.6	186.90	21.3	16.0	8.782
908.4	188.90	21.4	16.0	8.751
908.1	191.90	21.5	16.1	8.694
907.8	193.90	21.5	16.1	8.643
907.6	196.90	21.4	16.0	8.591
907.3	199.90	21.4	15.9	8.550
907.0	201.90	21.6	16.1	8.519
906.7	204.40	21.7	16.1	8.483
906.5	206.90	21.6	16.1	8.442
906.2	209.90	21.6	16.0	8.391
905.9	212.90	21.7	16.1	8.344
905.6	215.90	21.8	16.1	8.298
905.3	218.90	21.7	16.1	8.247
905.1	221.40	21.6	16.0	8.195
904.8	223.90	21.6	15.9	8.139
904.5	225.90	21.7	16.0	8.077
904.2	227.90	21.8	16.0	8.010
903.9	230.90	21.8	16.0	7.933
903.6	233.90	21.8	15.9	7.850
903.2	237.40	21.7	15.9	7.763
902.9	240.90	21.7	15.9	7.670
902.6	244.40	21.7	15.8	7.588
902.2	247.90	21.6	15.7	7.511
901.8	251.90	21.5	15.6	7.434
901.5	255.90	21.6	15.6	7.357
901.1	260.90	21.6	15.6	7.279
900.6	264.80	21.4	15.5	7.207
900.2	269.80	21.3	15.4	7.125
899.8	273.80	21.3	15.4	7.048
899.3	278.80	21.3	15.3	6.976
898.9	283.80	21.2	15.3	6.904
898.4	288.80	21.2	15.2	6.827
898.0	292.80	21.2	15.2	6.750
897.5	297.80	21.1	15.2	6.667
897.0	301.80	21.0	15.1	6.575
896.5	305.80	21.0	15.1	6.487
896.1	310.80	20.9	15.0	6.395
895.6	314.80	20.9	15.0	6.302
895.1	319.80	20.8	14.9	6.220
894.7	324.80	20.8	14.9	6.148
894.2	329.80	20.8	15.0	6.076
893.7	334.80	20.8	14.9	6.004
893.2	340.80	20.8	14.9	5.937
892.8	345.80	20.7	14.9	5.865
892.3	349.80	20.7	14.9	5.798
891.8	354.80	20.7	14.9	5.736
891.4	358.80	20.7	14.9	5.685
890.9	362.80	20.6	14.9	5.649
890.4	366.80	20.6	14.8	5.628
890.0	370.80	20.6	14.8	5.613
889.5	374.80	20.5	14.7	5.602
889.0	379.80	20.4	14.7	5.592
888.6	384.70	20.4	14.7	5.582
888.1	389.70	20.4	14.7	5.566
887.7	394.70	20.3	14.7	5.546
887.2	398.70	20.3	14.6	5.525
886.7	402.70	20.2	14.5	5.515
886.3	407.20	20.1	14.5	5.515
885.9	411.70	20.1	14.5	5.525
885.4	415.20	20.1	14.4	5.541
885.0	418.70	20.0	14.4	5.556
884.6	422.70	20.0	14.4	5.571
884.2	426.70	20.0	14.4	5.587
883.8	430.70	19.9	14.4	5.587
883.4	434.70	19.9	14.3	5.587
882.9	438.70	19.8	14.3	5.587
882.5	442.70	19.8	14.2	5.587
882.1	446.70	19.8	14.2	5.592
881.8	450.70	19.8	14.3	5.607
881.4	454.70	19.7	14.2	5.623
881.0	458.70	19.7	14.2	5.638
880.6	461.70	19.7	14.2	5.649
880.3	464.70	19.6	14.2	5.654
879.9	467.70	19.6	14.2	5.659
879.6	470.70	19.5	14.1	5.664
879.2	473.70	19.5	14.1	5.674
878.9	477.20	19.4	14.1	5.695
878.5	480.70	19.5	14.1	5.731
878.2	484.20	19.4	14.1	5.777
877.9	487.70	19.4	14.1	5.834
877.5	491.20	19.4	14.1	5.896
877.2	494.70	19.3	14.0	5.937
876.9	498.20	19.4	14.1	5.962
876.5	501.60	19.3	14.1	5.968
876.2	504.60	19.3	14.1	5.952
875.8	507.60	19.2	14.1	5.916
875.5	511.10	19.2	14.1	5.875
875.1	514.60	19.2	14.1	5.813
874.7	518.60	19.1	14.0	5.746
874.4	522.60	19.1	14.0	5.664
874.0	527.10	19.1	14.0	5.577
873.6	531.60	19.0	14.0	5.474
873.2	535.60	19.0	14.0	5.361
872.8	539.60	18.9	13.9	5.227
872.4	543.60	18.9	13.9	5.083
872.0	547.60	18.8	13.9	4.928
871.6	552.60	18.8	13.9	4.764
871.2	556.60	18.7	13.8	4.604
870.8	559.60	18.7	13.9	4.460
870.4	563.60	18.6	13.8	4.326
870.1	567.60	18.6	13.8	4.208
869.7	570.60	18.6	13.8	4.105
869.4	573.60	18.6	13.8	4.018
869.1	575.60	18.5	13.7	3.935
868.8	577.60	18.5	13.8	3.848
868.6	578.60	18.4	13.7	3.766
868.3	580.60	18.5	13.8	3.673
868.1	582.60	18.4	13.7	3.586
867.9	584.60	18.4	13.8	3.503
867.6	586.60	18.4	13.8	3.426
867.4	588.60	18.4	13.8	3.359
867.2	590.60	18.4	13.8	3.308
867.0	592.60	18.3	13.8	3.256
866.8	595.60	18.3	13.9	3.210
866.6	597.60	18.3	13.9	3.148
866.4	599.10	18.3	13.9	3.082
866.2	600.60	18.3	13.9	3.009
866.0	603.60	18.3	13.9	2.932
865.7	605.60	18.3	13.9	2.871
865.5	607.60	18.3	13.9	2.824
865.3	609.60	18.2	13.9	2.788
865.1	611.50	18.2	13.9	2.763
864.9	613.00	18.2	13.9	2.742
864.7	614.50	18.2	13.9	2.711
864.5	616.50	18.2	13.9	2.680
864.3	618.50	18.1	13.9	2.644
864.1	620.50	18.1	13.9	2.619
863.9	622.50	18.2	13.9	2.603
863.7	624.50	18.1	13.9	2.608
863.5	626.50	18.1	13.9	2.634
863.3	628.50	18.1	13.9	2.665
863.1	630.50	18.1	13.9	2.711
862.9	632.50	18.0	13.9	2.752
862.7	634.50	18.0	13.9	2.793
862.5	636.50	18.0	13.9	2.835
862.3	638.50	18.0	13.9	2.871
862.1	640.50	18.0	13.8	2.907
861.9	641.50	18.0	13.9	2.958
861.7	643.50	18.0	13.9	3.020
861.5	645.50	17.9	13.9	3.097
861.3	648.50	17.9	13.9	3.179
861.1	650.50	17.9	13.8	3.267
860.8	653.50	17.8	13.8	3.349
860.6	656.50	17.8	13.8	3.431
860.4	658.50	17.8	13.8	3.503
860.2	660.50	17.7	13.8	3.565
859.9	662.50	17.7	13.7	3.611
859.7	665.50	17.6	13.7	3.647
859.5	668.50	17.7	13.8	3.678
859.2	671.00	17.6	13.8	3.709
859.0	673.50	17.6	13.7	3.730
858.8	675.00	17.6	13.8	3.755
858.6	676.50	17.6	13.8	3.771
858.3	678.50	17.6	13.7	3.776
858.1	680.50	17.5	13.7	3.776
857.9	683.00	17.5	13.7	3.761
857.6	685.50	17.5	13.7	3.730
857.4	688.00	17.5	13.6	3.683
857.2	690.50	17.5	13.6	3.622
857.0	692.50	17.4	13.6	3.565
856.7	694.50	17.4	13.6	3.514
856.5	697.50	17.4	13.7	3.472
856.2	699.50	17.4	13.7	3.442
856.0	701.50	17.4	13.7	3.411
855.7	704.50	17.4	13.7	3.380
855.4	707.50	17.4	13.6	3.344
855.1	711.50	17.3	13.6	3.298
854.8	714.50	17.3	13.6	3.256
854.5	718.40	17.2	13.6	3.210
854.2	723.40	17.3	13.7	3.169
853.8	727.40	17.2	13.7	3.128
853.4	731.40	17.4	13.8	3.092
853.0	735.40	17.3	13.8	3.046
852.5	739.40	17.2	13.7	2.989
852.1	744.40	17.1	13.7	2.917
851.6	748.40	17.1	13.7	2.829
851.1	757.40	17.1	13.7	2.727
850.5	763.40	17.0	13.6	2.619
850.0	769.40	17.1	13.7	2.505
849.4	776.40	16.9	13.6	2.392
848.8	784.40	17.0	13.7	2.289
848.2	790.40	17.1	13.7	2.186
847.7	797.40	17.1	13.7	2.078
847.1	803.40	17.0	13.6	1.970
846.5	809.40	16.9	13.6	1.852
846.0	814.40	16.8	13.5	1.739
845.6	817.90	16.7	13.4	1.646
845.1	821.30	16.6	13.3	1.584
844.7	822.30	16.6	13.4	1.564
844.3	823.30	16.6	13.4	1.595
844.0	825.80	16.6	13.4	1.672
843.6	828.30	16.6	13.4	1.780
843.3	831.80	16.6	13.4	1.909
843.0	835.30	16.6	13.4	2.063
842.6	839.30	16.6	13.5	2.233
842.3	843.30	16.6	13.5	2.428
841.9	847.80	16.5	13.4	2.634
841.6	852.30	16.5	13.4	2.845
841.2	856.80	16.4	13.3	3.066
840.8	861.30	16.4	13.3	3.277
840.4	866.30	16.4	13.3	3.483
839.9	871.30	16.3	13.2	3.678
839.5	876.30	16.6	13.5	3.863
839.1	880.30	16.4	13.4	4.038
838.6	885.30	16.4	13.3	4.203
838.2	890.30	16.3	13.3	4.352
837.7	894.30	16.5	13.4	4.501
837.3	898.30	16.5	13.4	4.651
836.9	902.30	16.5	13.4	4.800
836.4	907.30	16.4	13.3	4.949
836.0	911.30	16.3	13.2	5.093
835.6	916.30	16.2	13.2	5.222
835.2	920.30	16.2	13.2	5.330
834.8	923.20	16.3	13.3	5.427
834.4	926.20	16.3	13.3	5.505
834.0	929.70	16.3	13.3	5.571
833.6	933.20	16.3	13.3	5.633
833.2	937.70	16.2	13.3	5.685
832.8	942.20	16.2	13.2	5.715
832.4	946.70	16.1	13.2	5.736
832.0	951.20	16.1	13.3	5.736
831.6	955.70	16.1	13.2	5.715
831.2	960.20	16.0	13.2	5.674
830.8	964.20	16.0	13.2	5.628
830.4	968.20	16.0	13.2	5.566
829.9	972.70	15.9	13.2	5.494
829.5	977.20	15.9	13.1	5.412
829.1	981.70	15.9	13.1	5.324
828.6	986.20	15.8	13.0	5.227
828.2	990.20	15.8	13.0	5.119
827.8	995.20	15.7	13.0	5.006
827.3	999.20	15.7	13.0	4.887
826.8	1004.20	15.6	12.9	4.784
826.4	1009.20	15.6	13.0	4.687
825.9	1015.20	15.5	12.9	4.604
825.4	1020.10	15.5	12.9	4.522
824.9	1025.10	15.4	12.8	4.445
824.4	1030.10	15.4	12.9	4.357
824.0	1035.10	15.3	12.8	4.260
823.5	1040.10	15.3	12.8	4.162
823.0	1045.10	15.3	12.8	4.069
822.6	1050.10	15.2	12.8	3.987
822.1	1054.10	15.2	12.8	3.920
821.6	1059.10	15.2	12.7	3.869
821.2	1063.10	15.2	12.7	3.827
820.7	1068.10	15.1	12.7	3.791
820.3	1072.60	15.0	12.6	3.755
819.9	1077.10	14.9	12.5	3.725
819.4	1081.60	14.9	12.5	3.699
819.0	1086.10	14.9	12.5	3.678
818.5	1090.10	14.8	12.5	3.668
818.1	1095.10	14.8	12.5	3.663
817.6	1100.10	14.7	12.5	3.668
817.2	1105.10	14.7	12.4	3.673
816.7	1110.10	14.7	12.5	3.683
816.2	1115.50	14.6	12.4	3.689
815.7	1121.00	14.6	12.4	3.704
815.1	1127.00	14.6	12.5	3.735
814.6	1133.00	14.5	12.5	3.781
814.1	1139.00	14.5	12.4	3.833
813.5	1145.00	14.4	12.4	3.894
813.0	1151.00	14.3	12.5	3.946
812.4	1157.00	14.3	12.5	3.982
811.9	1163.50	14.2	12.4	4.013
811.3	1170.00	14.1	12.4	4.033
810.7	1176.00	14.1	12.3	4.049
810.2	1182.00	14.0	12.3	4.069
809.7	1186.50	14.0	12.3	4.100
809.2	1191.00	14.0	12.3	4.136
808.7	1195.00	13.9	12.2	4.177
808.2	1199.00	13.8	12.1	4.213
807.7	1204.00	13.8	12.1	4.234
807.3	1208.90	13.7	12.1	4.244
806.8	1213.90	13.7	12.1	4.244
806.4	1217.90	13.6	12.1	4.234
806.0	1222.90	13.6	12.0	4.234
805.5	1227.90	13.5	12.0	4.254
805.1	1231.90	13.5	12.0	4.290
804.7	1236.90	13.5	12.1	4.347
804.2	1241.90	13.5	12.1	4.414
803.8	1245.90	13.4	12.1	4.486
803.3	1250.90	13.3	12.0	4.553
802.9	1255.40	13.3	12.0	4.609
802.5	1259.90	13.3	12.0	4.666
802.0	1264.40	13.3	12.0	4.728
801.6	1268.90	13.3	12.0	4.795
801.2	1272.90	13.2	12.0	4.877
800.7	1277.90	13.2	12.1	4.964
800.3	1282.90	13.2	12.1	5.057
799.8	1288.90	13.1	12.1	5.144
799.4	1294.80	13.1	12.1	5.216
798.9	1299.80	13.0	12.1	5.283
798.5	1303.80	13.0	12.1	5.345
798.0	1307.80	13.0	12.1	5.402
797.5	1313.30	12.9	12.1	5.458
797.1	1318.80	12.8	12.0	5.520
796.6	1323.80	12.8	12.0	5.582
796.1	1328.80	12.8	12.0	5.649
795.7	1333.80	12.7	12.0	5.715
795.2	1337.80	12.7	12.0	5.777
794.8	1342.80	12.7	12.0	5.844
794.3	1347.80	12.6	12.0	5.911
793.8	1352.80	12.6	12.0	5.988
793.3	1357.80	12.6	11.9	6.070
792.8	1363.80	12.5	11.9	6.158
792.3	1369.80	12.5	11.9	6.250
791.7	1376.80	12.4	11.9	6.338
791.2	1383.70	12.4	12.0	6.415
790.6	1389.70	12.4	12.0	6.482
790.1	1396.70	12.3	12.0	6.544
789.5	1402.70	12.3	12.0	6.595
788.9	1408.70	12.3	12.0	6.647
788.3	1414.70	12.3	12.0	6.693
787.7	1420.70	12.2	12.0	6.744
787.2	1426.70	12.2	12.0	6.791
786.6	1432.70	12.2	12.0	6.832
786.0	1438.70	12.2	11.9	6.863
785.5	1444.20	12.1	11.9	6.888
784.9	1449.70	12.1	11.9	6.904
784.4	1455.70	12.1	11.9	6.924
783.8	1461.70	12.1	11.9	6.940
783.2	1467.60	12.0	11.8	6.960
782.7	1473.60	12.0	11.8	6.981
782.1	1479.60	12.0	11.8	7.002
781.6	1485.10	11.9	11.8	7.022
781.0	1490.60	11.9	11.7	7.043
780.5	1496.60	11.9	11.7	7.074
779.9	1502.60	11.9	11.7	7.104
779.3	1508.60	11.8	11.6	7.135
778.7	1514.60	11.8	11.6	7.176
778.2	1521.10	11.8	11.6	7.218
777.6	1527.60	11.7	11.5	7.264
777.0	1534.60	11.7	11.5	7.315
776.4	1541.60	11.7	11.5	7.377
775.7	1549.10	11.7	11.5	7.444
775.1	1556.50	11.6	11.4	7.521
774.4	1563.50	11.6	11.4	7.603
773.8	1571.50	11.5	11.3	7.691
773.1	1578.50	11.5	11.3	7.794
772.4	1586.50	11.5	11.3	7.897
771.7	1595.50	11.4	11.2	8.005
771.0	1603.50	11.4	11.2	8.113
770.3	1611.50	11.4	11.2	8.221
769.6	1619.50	11.3	11.1	8.329
768.8	1627.50	11.3	11.1	8.437
768.1	1635.40	11.3	11.1	8.535
767.4	1643.10	11.3	11.1	8.617
766.7	1650.80	11.2	11.0	8.684
766.0	1658.40	11.2	11.0	8.735
765.3	1665.90	11.2	11.0	8.771
764.6	1673.40	11.1	10.9	8.797
764.0	1680.40	11.1	10.9	8.823
763.3	1687.40	11.0	10.8	8.848
762.6	1694.90	11.0	10.8	8.874
761.9	1702.40	11.0	10.8	8.905
761.3	1709.90	10.9	10.7	8.931
760.6	1717.30	10.9	10.7	8.951
759.9	1724.80	10.9	10.7	8.967
759.2	1732.30	10.8	10.6	8.967
758.5	1740.30	10.8	10.6	8.977
757.8	1748.30	10.7	10.5	8.987
757.1	1756.30	10.7	10.5	9.018
756.4	1764.30	10.7	10.5	9.054
755.7	1772.30	10.6	10.4	9.106
754.9	1779.30	10.6	10.4	9.157
754.2	1787.30	10.5	10.3	9.209
753.5	1795.20	10.5	10.3	9.245
752.7	1804.20	10.5	10.3	9.270
752.0	1812.20	10.5	10.3	9.296
751.2	1820.20	10.4	10.2	9.311
750.5	1829.20	10.4	10.2	9.332
749.7	1838.20	10.3	10.1	9.347
748.9	1846.20	10.3	10.1	9.368
748.2	1855.20	10.3	10.1	9.378
747.4	1863.20	10.2	10.0	9.383
746.6	1871.10	10.2	10.0	9.378
745.9	1879.60	10.1	9.9	9.378
745.1	1888.10	10.1	9.9	9.378
744.3	1897.10	10.0	9.8	9.389
743.5	1906.10	10.0	9.8	9.419
742.7	1916.10	10.0	9.8	9.461
741.9	1925.10	9.9	9.7	9.522
741.1	1934.10	9.9	9.7	9.589
740.3	1943.50	9.8	9.6	9.651
739.5	1953.00	9.8	9.6	9.713
738.7	1962.00	9.8	9.6	9.764
737.9	1971.00	9.7	9.5	9.826
737.0	1980.00	9.7	9.5	9.893
736.2	1990.00	9.6	9.4	9.985
735.3	1999.00	9.6	9.4	10.109
734.5	2009.00	9.6	9.4	10.258
733.7	2018.90	9.5	9.3	10.433
732.8	2028.90	9.5	9.3	10.618
732.0	2038.90	9.4	9.2	10.803
731.1	2047.90	9.4	9.2	10.994
730.3	2056.90	9.3	9.2	11.184
729.4	2066.40	9.3	9.1	11.374
728.6	2075.90	9.2	9.1	11.575
727.7	2085.90	9.2	9.0	11.770
726.9	2095.80	9.2	9.0	11.981
726.0	2105.80	9.1	8.9	12.203
725.2	2115.80	9.1	8.9	12.434
724.3	2125.80	9.1	8.9	12.671
723.5	2135.80	9.0	8.8	12.897
722.6	2145.80	8.9	8.7	13.108
721.8	2155.80	8.9	8.7	13.293
720.9	2164.70	8.8	8.6	13.453
720.1	2173.70	8.8	8.6	13.586
719.2	2182.70	8.8	8.6	13.705
718.4	2191.70	8.7	8.5	13.808
717.6	2200.70	8.7	8.5	13.905
716.8	2209.70	8.6	8.4	13.998
716.0	2219.70	8.6	8.4	14.091
715.2	2227.70	8.6	8.4	14.188
714.5	2236.60	8.5	8.3	14.291
713.8	2243.60	8.4	8.2	14.389
713.1	2249.60	8.4	8.2	14.471
712.4	2256.60	8.4	8.2	14.543
711.8	2263.60	8.4	8.2	14.605
711.2	2270.60	8.3	8.1	14.651
710.6	2277.60	8.3	8.1	14.693
710.0	2284.10	8.4	8.2	14.729
709.5	2290.60	8.3	8.1	14.765
708.9	2296.60	8.3	8.1	14.795
708.4	2302.50	8.2	8.0	14.826
707.9	2307.50	8.2	8.0	14.852
707.4	2312.50	8.2	8.0	14.867
706.9	2317.50	8.1	7.9	14.878
706.5	2322.50	8.1	7.9	14.873
706.0	2327.50	8.1	7.9	14.847
705.5	2332.50	8.1	7.9	14.801
705.1	2337.50	8.1	7.9	14.744
704.6	2342.50	8.1	7.9	14.677
704.2	2348.50	8.0	7.8	14.610
703.7	2353.50	8.0	7.8	14.543
703.2	2360.50	8.0	7.8	14.482
702.7	2366.50	7.9	7.7	14.425
702.2	2373.40	7.9	7.7	14.368
701.7	2379.90	7.9	7.7	14.302
701.2	2386.40	7.9	7.7	14.224
700.7	2392.40	7.8	7.6	14.127
700.2	2398.40	7.8	7.6	14.013
699.6	2404.40	7.8	7.6	13.895
699.1	2410.40	7.7	7.5	13.772
698.6	2416.40	7.7	7.5	13.664
698.0	2423.40	7.7	7.5	13.566
697.5	2430.40	7.7	7.5	13.494
696.9	2437.40	7.6	7.4	13.437
696.3	2444.30	7.5	7.3	13.396
695.8	2451.30	7.5	7.3	13.360
695.2	2458.30	7.5	7.3	13.324
694.6	2465.30	7.5	7.3	13.288
694.0	2472.80	7.5	7.3	13.252
693.4	2480.30	7.4	7.2	13.221
692.8	2487.80	7.4	7.2	13.195
692.2	2495.30	7.4	7.2	13.190
691.6	2502.80	7.3	7.1	13.201
691.0	2510.20	7.3	7.1	13.226
690.3	2517.70	7.2	7.0	13.262
689.7	2525.20	7.2	7.0	13.298
689.1	2533.20	7.2	7.0	13.340
688.4	2541.20	7.1	6.9	13.370
687.8	2549.20	7.1	6.9	13.412
687.1	2557.20	7.0	6.8	13.458
686.5	2566.20	7.0	6.8	13.514
685.8	2575.10	7.0	6.8	13.592
685.1	2583.10	6.9	6.7	13.684
684.4	2591.10	6.9	6.7	13.797
683.8	2599.10	6.9	6.7	13.921
683.1	2606.10	6.8	6.6	14.060
682.5	2613.10	6.8	6.6	14.199
681.8	2620.10	6.8	6.6	14.343
681.2	2628.10	6.7	6.5	14.492
680.5	2636.00	6.7	6.5	14.646
679.9	2644.00	6.7	6.5	14.816
679.2	2652.00	6.6	6.4	14.991
678.6	2660.00	6.6	6.4	15.176
678.0	2668.00	6.5	6.3	15.361
677.3	2676.00	6.5	6.3	15.541
676.7	2684.00	6.5	6.3	15.716
676.0	2692.00	6.4	6.2	15.896
675.4	2699.40	6.4	6.2	16.071
674.8	2706.90	6.3	6.1	16.246
674.2	2713.40	6.3	6.1	16.426
673.6	2719.90	6.3	6.1	16.596
673.0	2725.60	6.2	6.0	16.761
672.4	2731.20	6.2	6.0	16.915
671.9	2736.90	6.2	6.0	17.059
671.3	2743.40	6.2	6.0	17.188
670.8	2749.90	6.1	5.9	17.311
670.3	2756.90	6.1	5.9	17.424
669.7	2763.80	6.1	5.9	17.527
669.2	2770.30	6.0	5.8	17.620
668.7	2776.80	6.0	5.8	17.697
668.2	2781.80	6.0	5.8	17.759
667.8	2786.80	5.9	5.7	17.810
667.3	2791.80	5.9	5.7	17.867
666.9	2796.80	5.9	5.7	17.923
666.5	2801.30	5.9	5.7	17.990
666.1	2805.80	5.8	5.6	18.062
665.7	2808.80	5.8	5.6	18.155
665.4	2811.80	5.8	5.6	18.258
665.1	2814.80	5.8	5.6	18.371
664.8	2816.80	5.8	5.6	18.499
664.5	2819.80	5.8	5.6	18.633
664.2	2822.80	5.8	5.6	18.772
663.9	2825.70	5.7	5.5	18.921
663.5	2828.70	5.8	5.5	19.081
663.2	2834.70	5.7	5.5	19.256
662.8	2841.70	5.7	5.5	19.441
662.5	2848.70	5.7	5.5	19.621
662.1	2856.70	5.7	5.5	19.791
661.8	2862.70	5.7	5.5	19.935
661.5	2865.70	5.6	5.4	20.058
661.2	2866.70	5.7	5.5	20.161
661.0	2867.90	5.6	5.4	20.249
660.8	2869.20	5.6	5.4	20.321
660.6	2870.50	5.6	5.4	20.367
660.4	2871.70	5.4	5.2	20.398
660.3	2873.00	5.5	5.3	20.413
660.3	2874.20	5.6	5.4	20.408
660.2	2875.50	5.6	5.4	20.387
660.1	2876.80	5.6	5.4	20.357
660.1	2878.00	5.6	5.4	20.310
660.0	2879.30	5.5	5.3	20.254
660.0	2880.50	5.5	5.3	20.192
660.0	2881.80	5.5	5.3	20.125
659.9	2883.00	5.5	5.3	20.048
659.9	2884.30	5.5	5.3	19.966
659.8	2885.60	5.5	5.3	19.883
659.8	2886.80	5.5	5.3	19.796
659.7	2888.10	5.5	5.3	19.708
659.6	2889.30	5.5	5.3	19.621
659.4	2890.60	5.5	5.3	19.533
659.3	2891.90	5.4	5.2	19.446
659.1	2893.10	5.2	5.0	19.364
658.9	2894.40	5.3	5.1	19.287
658.8	2895.60	5.5	5.2	19.204
658.6	2895.61	5.4	5.2	19.132
658.5	2895.62	5.4	5.2	19.060
658.3	2895.63	5.4	5.2	18.988
658.2	2895.64	5.4	5.2	18.921
658.1	2895.65	5.4	5.2	18.854
658.0	2895.66	5.3	5.1	18.793
657.9	2895.67	5.4	5.2	18.736
657.9	2895.68	5.4	5.2	18.679
657.9	2895.69	5.4	5.2	18.623
657.8	2895.70	5.4	5.2	18.566
657.8	2895.71	5.4	5.2	18.515
657.8	2895.72	5.1	4.9	18.463
657.7	2895.73	5.4	5.2	18.417
657.7	2895.74	5.4	5.2	18.366
657.7	2895.75	5.4	5.2	18.319
657.7	2895.76	5.4	5.2	18.278
657.6	2895.77	5.4	5.2	18.237
657.6	2895.78	5.4	5.2	18.196
657.5	2895.79	5.4	5.2	18.160
657.4	2895.80	5.3	5.1	18.124
657.3	2895.81	5.4	5.2	18.098
657.2	2895.82	5.3	5.1	18.072
657.1	2895.83	5.3	5.1	18.052
657.0	2895.84	5.3	5.1	18.036
656.9	2895.85	5.3	5.1	18.026
656.8	2895.86	5.3	5.1	18.016
656.7	2895.87	5.3	5.1	18.011
656.7	2895.88	5.3	5.1	18.006
656.6	2895.89	5.3	5.1	18.006
656.6	2895.90	5.3	5.1	18.011
656.6	2895.91	5.3	5.1	18.021
656.6	2895.92	5.3	5.1	18.031
656.5	2895.93	5.3	5.1	18.042
656.5	2895.94	5.3	5.1	18.052
656.5	2895.95	5.3	5.1	18.062
656.5	2895.96	5.3	5.1	18.072
656.5	2895.97	5.3	5.1	18.083
656.5	2895.98	5.3	5.1	18.093
656.5	2895.99	5.3	5.1	18.103
656.5	2896.00	5.3	5.1	18.108
656.4	2896.01	5.3	5.1	18.119
656.4	2896.02	5.3	5.1	18.124
656.4	2896.03	5.3	5.1	18.129
656.4	2896.04	5.3	5.1	18.134
656.3	2896.05	5.3	5.1	18.139
656.3	2896.06	5.3	5.1	18.144
656.2	2896.07	5.3	5.1	18.144
656.2	2896.08	5.2	5.0	18.150
656.1	2896.09	5.2	5.0	18.150
656.0	2896.10	5.2	5.0	18.155
655.9	2896.11	5.2	5.0	18.155
655.8	2896.12	5.2	5.0	18.155
655.7	2896.13	5.1	4.9	18.155
655.6	2896.14	5.1	4.9	18.155
655.6	2896.15	5.0	4.8	18.155
655.5	2896.16	4.9	4.7	18.155
655.5	2896.17	4.8	4.6	18.155
655.5	2896.18	4.7	4.5	18.155
655.5	2896.19	4.9	4.7	18.155
655.5	2896.20	5.0	4.8	18.155
655.5	2896.21	5.0	4.8	18.150
655.6	2896.22	5.0	4.8	18.150
655.6	2896.23	5.1	4.9	18.150
655.6	2896.24	5.1	4.9	18.150
655.6	2896.25	5.0	4.8	18.150
655.7	2896.26	4.9	4.7	18.150
655.7	2896.27	4.9	4.7	18.150
655.7	2896.28	5.0	4.8	18.150
655.8	2896.29	5.0	4.8	18.150
655.8	2896.30	5.1	4.9	18.150
655.8	2896.31	5.0	4.8	18.150
655.9	2896.32	4.9	4.7	18.150
655.9	2896.33	4.9	4.7	18.150
655.9	2896.34	4.9	4.7	18.150
656.0	2896.35	4.8	4.6	18.150
656.0	2896.36	4.8	4.6	18.150
656.1	2896.37	4.8	4.6	18.150
656.1	2896.38	4.8	4.6	18.150
656.2	2896.39	4.8	4.6	18.150
656.2	2896.40	4.9	4.7	18.144
656.3	2896.41	4.8	4.6	18.144
656.3	2896.42	4.8	4.6	18.144
656.4	2896.43	4.9	4.7	18.144
656.4	2896.44	4.8	4.6	18.144
656.5	2896.45	4.8	4.6	18.144
656.6	2896.46	4.8	4.6	18.144
656.6	2896.47	4.9	4.7	18.144
656.7	2896.48	4.9	4.7	18.144
656.7	2896.49	4.8	4.6	18.144
656.8	2896.50	4.9	4.7	18.144
656.8	2896.51	4.8	4.6	18.144
656.9	2896.52	4.6	4.4	18.144
656.9	2896.53	4.6	4.4	18.144
657.0	2896.54	4.5	4.3	18.144
657.0	2896.55	4.7	4.5	18.144
657.0	2896.56	4.9	4.7	18.144
657.1	2896.57	4.7	4.5	18.144
657.1	2896.58	4.5	4.3	18.144
657.1	2896.59	4.3	4.1	18.144
657.2	2896.60	4.0	3.8	18.144
657.2	2896.61	4.0	3.8	18.139
657.3	2896.62	4.0	3.8	18.139
657.3	2896.63	3.9	3.7	18.139
657.4	2896.64	4.0	3.8	18.139
657.4	2896.65	3.9	3.7	18.139
657.5	2896.66	3.9	3.7	18.139
657.6	2896.67	3.9	3.7	18.139
657.7	2896.68	3.9	3.7	18.139
657.8	2896.69	4.0	3.8	18.139
657.9	2896.70	4.1	3.9	18.139
658.0	2896.71	4.1	3.9	18.139
658.2	2896.72	4.1	3.9	18.139
658.3	2896.73	4.0	3.8	18.139
658.4	2896.74	4.0	3.8	18.139
658.6	2896.75	4.1	3.9	18.139
658.7	2896.76	4.2	4.0	18.139
658.8	2896.77	4.2	4.0	18.139
659.0	2896.78	4.3	4.1	18.139
659.1	2896.79	4.3	4.1	18.139
659.3	2896.80	4.3	4.1	18.139
659.5	2896.81	4.3	4.1	18.139
659.6	2896.82	4.3	4.1	18.139
659.8	2896.83	4.3	4.1	18.139
660.0	2896.84	4.4	4.2	18.134
660.2	2896.85	4.5	4.3	18.134
660.4	2896.86	4.5	4.3	18.134
660.6	2896.87	4.5	4.3	18.134
660.8	2896.88	4.5	4.3	18.134
661.0	2896.89	4.5	4.3	18.134
661.3	2896.90	4.5	4.3	18.134
661.5	2896.91	4.5	4.3	18.134
661.7	2896.92	4.5	4.3	18.134
662.0	2896.93	4.6	4.4	18.134
662.2	2896.94	4.6	4.4	18.134
662.4	2896.95	4.6	4.4	18.134
662.7	2896.96	4.7	4.5	18.134
662.9	2896.97	4.7	4.5	18.134
663.2	2896.98	4.7	4.5	18.134
663.4	2896.99	4.7	4.5	18.134
663.7	2897.00	4.7	4.5	18.134
663.9	2897.01	4.7	4.5	18.134
664.2	2897.02	4.8	4.6	18.134
664.4	2897.03	4.8	4.6	18.134
664.6	2897.04	4.8	4.5	18.134
664.8	2897.05	4.7	4.5	18.134
665.0	2897.06	4.7	4.5	18.134
665.2	2897.07	4.7	4.5	18.134
665.4	2897.08	4.8	4.6	18.134
665.6	2897.09	4.8	4.6	18.134
665.8	2897.10	4.8	4.6	18.129
666.0	2897.11	4.9	4.7	18.129
666.2	2897.12	4.9	4.7	18.129
666.4	2897.13	4.9	4.7	18.129
666.6	2897.14	4.9	4.7	18.129
666.8	2897.15	4.9	4.7	18.129
667.0	2897.16	4.9	4.7	18.129
667.2	2897.17	4.9	4.7	18.129
667.5	2897.18	5.0	4.8	18.129
667.7	2897.19	4.9	4.7	18.129
667.9	2897.20	5.1	4.9	18.129
668.2	2897.21	5.1	4.9	18.129
668.4	2897.22	5.1	4.9	18.129
668.7	2897.23	5.1	4.9	18.129
668.9	2897.24	5.1	4.9	18.129
669.2	2897.25	5.1	4.9	18.129
669.4	2897.26	5.2	5.0	18.129
669.6	2897.27	5.2	5.0	18.134
669.8	2897.28	5.2	5.0	18.139
670.0	2897.29	5.2	5.0	18.144
670.2	2897.30	5.2	5.0	18.144
670.4	2897.31	5.2	5.0	18.139
670.6	2897.32	5.2	5.0	18.124
670.7	2897.33	5.3	5.1	18.098
670.9	2897.34	5.2	5.0	18.067
671.1	2897.35	5.2	5.0	18.036
671.3	2897.36	5.2	5.0	18.000
671.5	2897.37	5.3	5.1	17.954
671.7	2897.38	5.3	5.1	17.903
671.9	2897.39	5.3	5.1	17.836
672.1	2897.40	5.3	5.1	17.753
672.3	2897.41	5.2	5.0	17.656
672.5	2897.42	5.2	5.0	17.537
672.7	2897.43	5.1	4.9	17.409
672.9	2897.44	5.2	5.0	17.275
673.2	2897.45	5.2	5.0	17.141
673.4	2897.46	5.2	5.0	17.013
673.6	2897.47	5.2	5.0	16.879
673.8	2897.48	5.3	5.1	16.745
674.0	2897.49	5.4	5.2	16.596
674.2	2897.50	5.4	5.2	16.442
674.4	2897.51	5.3	5.1	16.272
674.6	2897.52	5.3	5.1	16.107
674.8	2897.53	5.4	5.2	15.943
675.0	2897.54	5.4	5.2	15.793
675.2	2897.55	5.5	5.2	15.660
675.4	2897.56	5.4	5.2	15.546
675.6	2897.57	5.4	5.2	15.444
675.9	2897.58	5.5	5.3	15.356
676.1	2897.59	5.5	5.3	15.279
676.3	2897.60	5.5	5.3	15.212
676.5	2897.61	5.5	5.3	15.161
676.7	2897.62	5.5	5.3	15.130
677.0	2897.63	5.5	5.3	15.114
677.2	2897.64	5.6	5.4	15.114
677.4	2897.65	5.6	5.4	15.140
677.6	2897.66	5.6	5.4	15.176
677.8	2897.67	5.7	5.5	15.228
678.0	2897.68	5.7	5.5	15.284
678.3	2897.69	5.8	5.5	15.346
678.5	2897.70	5.7	5.5	15.402
678.7	2897.71	5.7	5.5	15.459
678.9	2897.72	5.7	5.5	15.516
679.1	2897.73	5.8	5.6	15.567
679.2	2897.74	5.8	5.6	15.619
679.4	2897.75	5.8	5.6	15.660
679.6	2897.76	5.8	5.6	15.701
679.8	2897.77	5.9	5.7	15.737
680.0	2897.78	5.9	5.7	15.768
680.2	2897.79	5.9	5.7	15.793
680.3	2897.80	5.9	5.7	15.824
680.5	2897.81	5.9	5.7	15.850
680.7	2897.82	5.9	5.7	15.876
680.8	2897.83	5.9	5.7	15.896
681.0	2897.84	5.8	5.6	15.917
681.1	2897.85	5.7	5.5	15.937
681.2	2897.86	5.8	5.5	15.958
681.3	2897.87	5.8	5.6	15.968
681.4	2897.88	5.8	5.6	15.984
681.5	2897.89	5.8	5.6	15.994
681.6	2897.90	5.8	5.6	15.999
681.7	2897.91	5.8	5.6	15.994
681.8	2897.92	5.8	5.5	15.989
681.9	2897.93	5.8	5.5	15.979
681.9	2897.94	5.7	5.5	15.963
682.0	2897.95	5.7	5.5	15.937
682.1	2897.96	5.7	5.5	15.912
682.2	2897.97	5.9	5.7	15.871
682.3	2897.98	5.9	5.7	15.824
682.4	2897.99	5.8	5.6	15.778
682.6	2898.00	5.8	5.6	15.721
682.7	2898.01	5.8	5.6	15.660
682.8	2898.02	5.8	5.6	15.593
682.9	2898.03	5.8	5.6	15.521
683.0	2898.04	6.0	5.8	15.449
683.2	2898.05	5.9	5.7	15.366
683.3	2898.06	5.7	5.5	15.294
683.4	2898.07	5.9	5.7	15.228
683.6	2898.08	6.0	5.8	15.166
683.7	2898.09	6.1	5.9	15.109
683.8	2898.10	6.1	5.9	15.058
684.0	2898.11	6.2	6.0	15.011
684.1	2898.12	6.0	5.8	14.970
684.3	2898.13	6.0	5.8	14.929
684.4	2898.14	6.0	5.8	14.883
684.6	2898.15	6.1	5.9	14.847
684.8	2898.16	6.2	6.0	14.816
684.9	2898.17	6.3	6.1	14.801
685.1	2898.18	6.3	6.1	14.801
685.3	2898.19	6.4	6.2	14.806
685.4	2898.20	6.5	6.3	14.821
685.6	2898.21	6.4	6.2	14.837
685.7	2898.22	6.4	6.2	14.847
685.9	2898.23	6.4	6.2	14.857
686.0	2898.24	6.5	6.3	14.862
686.1	2898.25	6.6	6.4	14.867
686.3	2898.26	6.6	6.4	14.873
686.4	2898.27	6.6	6.4	14.893
686.5	2898.28	6.5	6.3	14.919
686.6	2898.29	6.6	6.4	14.955
686.7	2898.30	6.6	6.4	15.001
686.8	2898.31	6.6	6.4	15.053
687.0	2898.32	6.7	6.5	15.104
687.1	2898.33	6.7	6.5	15.156
687.2	2898.34	6.7	6.5	15.207
687.4	2898.35	6.8	6.6	15.253
687.5	2898.36	6.8	6.6	15.305
687.7	2898.37	6.8	6.6	15.361
687.8	2898.38	6.9	6.7	15.413
687.9	2898.39	6.9	6.7	15.469
688.1	2898.40	6.9	6.7	15.521
688.2	2898.41	7.0	6.8	15.577
688.3	2898.42	7.0	6.8	15.624
688.4	2898.43	6.9	6.7	15.670
688.6	2898.44	6.8	6.6	15.706
688.7	2898.45	6.6	6.4	15.737
688.7	2898.46	6.5	6.3	15.757
688.8	2898.47	6.5	6.3	15.773
688.9	2898.48	6.5	6.3	15.778
688.9	2898.49	6.6	6.4	15.783
689.0	2898.50	6.7	6.5	15.778
689.0	2898.51	6.7	6.5	15.768
689.0	2898.52	6.7	6.5	15.757
688.9	2898.53	6.7	6.5	15.737
688.9	2898.54	6.7	6.5	15.716
688.8	2898.55	6.5	6.3	15.691
688.8	2898.56	6.6	6.4	15.665
688.7	2898.57	6.6	6.4	15.634
688.6	2898.58	6.5	6.3	15.603
688.5	2898.59	6.5	6.3	15.572
688.4	2898.60	6.5	6.3	15.541
688.3	2898.61	6.6	6.4	15.510
688.2	2898.62	6.6	6.4	15.474
688.2	2898.63	6.6	6.4	15.444
688.1	2898.64	6.5	6.3	15.418
688.0	2898.65	6.4	6.2	15.387
688.0	2898.66	6.4	6.2	15.356
688.0	2898.67	6.4	6.2	15.330
687.9	2898.68	6.4	6.2	15.305
687.9	2898.69	6.5	6.2	15.284
687.9	2898.70	6.5	6.3	15.258
687.8	2898.71	6.5	6.3	15.238
687.8	2898.72	6.5	6.3	15.217
687.8	2898.73	6.5	6.3	15.197
687.7	2898.74	6.5	6.3	15.181
687.6	2898.75	6.5	6.3	15.161
687.6	2898.76	6.4	6.2	15.145
687.5	2898.77	6.5	6.3	15.135
687.4	2898.78	6.5	6.3	15.120
687.4	2898.79	6.5	6.3	15.109
687.3	2898.80	6.6	6.4	15.099
687.2	2898.81	6.5	6.3	15.089
687.1	2898.82	6.4	6.2	15.078
687.0	2898.83	6.3	6.1	15.068
686.9	2898.84	6.3	6.1	15.063
686.8	2898.85	6.3	6.1	15.053
686.7	2898.86	6.4	6.2	15.047
686.6	2898.87	6.4	6.2	15.042
686.5	2898.88	6.1	5.9	15.037
686.4	2898.89	5.9	5.7	15.037
686.4	2898.90	6.0	5.8	15.037
686.3	2898.91	6.2	6.0	15.042
686.3	2898.92	6.3	6.1	15.042
686.2	2898.93	6.4	6.2	15.047
686.2	2898.94	6.4	6.2	15.053
686.2	2898.95	6.4	6.2	15.058
686.1	2898.96	6.4	6.2	15.063
686.1	2898.97	6.4	6.2	15.073
686.1	2898.98	6.4	6.2	15.078
686.2	2898.99	6.4	6.2	15.089
686.2	2899.00	6.4	6.2	15.099
686.2	2899.01	6.4	6.2	15.109
686.3	2899.02	6.4	6.2	15.120
686.4	2899.03	6.2	6.0	15.130
686.5	2899.04	6.0	5.8	15.140
686.6	2899.05	6.3	6.1	15.150
686.7	2899.06	6.3	6.1	15.161
686.8	2899.07	6.1	5.9	15.171
686.9	2899.08	6.2	6.0	15.181
687.0	2899.09	6.3	6.1	15.186
687.1	2899.10	6.3	6.1	15.197
687.2	2899.11	6.3	6.1	15.202
687.3	2899.12	6.3	6.1	15.212
687.4	2899.13	6.4	6.2	15.217
687.4	2899.14	6.5	6.2	15.228
687.5	2899.15	6.5	6.3	15.233
687.5	2899.16	6.5	6.3	15.243
687.6	2899.17	6.4	6.2	15.248
687.6	2899.18	6.7	6.5	15.253
687.6	2899.19	6.7	6.5	15.258
687.6	2899.20	6.7	6.5	15.269
687.6	2899.21	6.7	6.5	15.274
687.6	2899.22	6.7	6.5	15.284
687.5	2899.23	6.7	6.5	15.289
687.5	2899.24	6.7	6.5	15.294
687.4	2899.25	6.4	6.2	15.305
687.4	2899.26	6.6	6.4	15.310
687.3	2899.27	6.4	6.2	15.320
687.2	2899.28	6.6	6.4	15.325
687.1	2899.29	6.5	6.3	15.336
687.0	2899.30	6.3	6.1	15.341
686.9	2899.31	6.5	6.3	15.346
686.8	2899.32	6.5	6.3	15.356
686.7	2899.33	6.7	6.5	15.366
686.6	2899.34	6.7	6.5	15.372
686.5	2899.35	6.7	6.5	15.382
686.3	2899.36	6.6	6.4	15.387
686.2	2899.37	6.5	6.3	15.397
686.1	2899.38	6.6	6.4	15.402
686.0	2899.39	6.7	6.5	15.413
685.9	2899.40	6.7	6.5	15.423
685.7	2899.41	6.7	6.5	15.428
685.6	2899.42	6.7	6.5	15.438
685.5	2899.43	6.7	6.5	15.444
685.3	2899.44	6.6	6.4	15.454
685.2	2899.45	6.5	6.3	15.464
685.0	2899.46	6.6	6.4	15.469
684.9	2899.47	6.7	6.5	15.480
684.7	2899.48	6.7	6.5	15.490
684.6	2899.49	6.7	6.5	15.500
684.4	2899.50	6.7	6.5	15.505
684.3	2899.51	6.7	6.5	15.516
684.1	2899.52	6.7	6.5	15.526
683.9	2899.53	6.7	6.5	15.536
683.8	2899.54	6.7	6.5	15.546
683.6	2899.55	6.7	6.5	15.552
683.5	2899.56	6.6	6.4	15.562
683.3	2899.57	6.6	6.4	15.572
683.1	2899.58	6.6	6.4	15.583
682.9	2899.59	6.6	6.4	15.593
682.7	2899.60	6.6	6.4	15.603
682.5	2899.61	6.6	6.4	15.608
682.3	2899.62	6.6	6.4	15.619
682.1	2899.63	6.6	6.4	15.629
681.9	2899.64	6.6	6.4	15.639
681.7	2899.65	6.6	6.4	15.649
681.5	2899.66	6.6	6.4	15.660
681.2	2899.67	6.5	6.3	15.670
681.0	2899.68	6.5	6.3	15.675
680.8	2899.69	6.4	6.2	15.680
680.5	2899.70	6.5	6.2	15.680
680.3	2899.71	6.5	6.3	15.680
680.1	2899.72	6.5	6.3	15.680
679.9	2899.73	6.5	6.3	15.675
679.6	2899.74	6.4	6.2	15.665
679.4	2899.75	6.3	6.1	15.649
679.2	2899.76	6.3	6.1	15.629
679.0	2899.77	6.4	6.2	15.603
678.8	2899.78	6.4	6.2	15.572
678.6	2899.79	6.4	6.2	15.536
678.4	2899.80	6.5	6.2	15.495
678.2	2899.81	6.3	6.1	15.454
678.0	2899.82	6.3	6.1	15.408
677.8	2899.83	6.3	6.1	15.361
677.7	2899.84	6.4	6.2	15.315
677.5	2899.85	6.2	6.0	15.269
677.3	2899.86	6.0	5.8	15.228
677.2	2899.87	5.9	5.7	15.181
677.1	2899.88	5.9	5.7	15.135
677.0	2899.89	6.0	5.8	15.099
676.8	2899.90	6.0	5.8	15.063
676.8	2899.91	6.0	5.8	15.032
676.7	2899.92	6.1	5.9	15.011
676.6	2899.93	6.1	5.9	14.991
676.5	2899.94	6.2	6.0	14.975
676.5	2899.95	6.3	6.1	14.965
676.5	2899.96	6.3	6.1	14.960
676.4	2899.97	6.2	6.0	14.960
676.4	2899.98	6.2	6.0	14.960
676.4	2899.99	6.1	5.9	14.965
676.5	2900.00	6.1	5.9	14.981
676.5	2900.01	6.1	5.9	14.991
676.5	2900.02	6.1	5.9	15.011
676.6	2900.03	6.1	5.9	15.032
676.6	2900.04	6.0	5.8	15.058
676.7	2900.05	6.2	6.0	15.083
676.8	2900.06	6.2	6.0	15.114
676.9	2900.07	6.2	6.0	15.150
677.0	2900.08	6.1	5.9	15.192
677.1	2900.09	6.1	5.9	15.233
677.2	2900.10	6.1	5.9	15.279
677.3	2900.11	6.0	5.8	15.325
677.4	2900.12	6.0	5.8	15.377
677.5	2900.13	6.0	5.8	15.428
677.7	2900.14	6.0	5.8	15.485
677.8	2900.15	6.0	5.8	15.536
678.0	2900.16	6.0	5.8	15.598
678.1	2900.17	5.8	5.6	15.660
678.3	2900.18	6.0	5.8	15.721
678.5	2900.19	6.2	6.0	15.793
678.7	2900.20	6.2	6.0	15.865
679.0	2900.21	6.3	6.1	15.948
679.2	2900.22	6.3	6.1	16.030
679.5	2900.23	6.3	6.1	16.118
679.8	2900.24	6.3	6.1	16.205
680.1	2900.25	6.3	6.1	16.298
680.4	2900.26	6.3	6.1	16.395
680.8	2900.27	6.2	6.0	16.488
681.1	2900.28	6.2	6.0	16.581
681.4	2900.29	6.2	6.0	16.668
681.8	2900.30	6.2	6.0	16.750
682.1	2900.31	6.2	6.0	16.822
682.4	2900.32	6.2	6.0	16.884
682.7	2900.33	6.3	6.1	16.941
683.0	2900.34	6.3	6.1	16.982
683.3	2900.35	6.3	6.1	17.013
683.6	2900.36	6.3	6.1	17.028
683.8	2900.37	6.2	6.0	17.033
684.1	2900.38	6.2	6.0	17.028
684.3	2900.39	6.2	6.0	17.013
684.6	2900.40	6.1	5.9	16.987
684.8	2900.41	6.2	6.0	16.956
685.0	2900.42	6.4	6.2	16.915
685.1	2900.43	6.4	6.2	16.874
685.3	2900.44	6.5	6.3	16.827
685.4	2900.45	6.5	6.3	16.786
685.5	2900.46	6.5	6.2	16.745
685.6	2900.47	6.5	6.3	16.699
685.7	2900.48	6.5	6.3	16.658
685.8	2900.49	6.5	6.3	16.617
685.8	2900.50	6.6	6.4	16.575
685.9	2900.51	6.7	6.5	16.534
685.9	2900.52	6.7	6.5	16.493
686.0	2900.53	6.7	6.5	16.452
686.0	2900.54	6.8	6.5	16.411
686.1	2900.55	6.8	6.6	16.370
686.1	2900.56	6.7	6.5	16.328
686.1	2900.57	6.7	6.5	16.287
686.2	2900.58	6.7	6.5	16.251
686.2	2900.59	6.7	6.5	16.210
686.3	2900.60	6.7	6.5	16.174
686.3	2900.61	6.7	6.5	16.133
686.4	2900.62	6.7	6.5	16.097
686.4	2900.63	6.7	6.5	16.056
686.4	2900.64	6.7	6.5	16.020
686.5	2900.65	6.8	6.5	15.984
686.5	2900.66	6.7	6.5	15.948
686.6	2900.67	6.7	6.5	15.912
686.6	2900.68	6.7	6.5	15.876
686.6	2900.69	6.7	6.5	15.845
686.6	2900.70	6.7	6.5	15.809
686.7	2900.71	6.7	6.5	15.778
686.7	2900.72	6.7	6.5	15.747
686.7	2900.73	6.7	6.5	15.716
686.7	2900.74	6.8	6.6	15.691
686.7	2900.75	6.7	6.5	15.665
686.7	2900.76	6.7	6.5	15.639
686.7	2900.77	6.7	6.5	15.613
686.7	2900.78	6.7	6.5	15.593
686.7	2900.79	6.8	6.5	15.572
686.7	2900.80	6.8	6.6	15.552
686.7	2900.81	6.7	6.5	15.536
686.7	2900.82	6.7	6.5	15.521
686.7	2900.83	6.7	6.5	15.510
686.6	2900.84	6.8	6.6	15.500
686.6	2900.85	6.8	6.5	15.490
686.5	2900.86	6.8	6.6	15.485
686.5	2900.87	6.8	6.6	15.474
686.4	2900.88	6.8	6.6	15.469
686.4	2900.89	6.7	6.5	15.464
686.3	2900.90	6.6	6.4	15.459
686.3	2900.91	6.7	6.5	15.454
686.2	2900.92	6.8	6.5	15.449
686.2	2900.93	6.7	6.5	15.438
686.2	2900.94	6.7	6.5	15.433
686.2	2900.95	6.7	6.5	15.428
686.2	2900.96	6.7	6.5	15.418
686.2	2900.97	6.7	6.5	15.408
686.3	2900.98	6.7	6.5	15.397
686.3	2900.99	6.7	6.5	15.387
686.4	2901.00	6.7	6.5	15.377
686.5	2901.01	6.8	6.6	15.366
686.6	2901.02	6.8	6.6	15.356
686.8	2901.03	6.8	6.6	15.341
686.9	2901.04	6.8	6.6	15.330
687.1	2901.05	6.8	6.6	15.320
687.2	2901.06	6.8	6.6	15.305
687.4	2901.07	6.8	6.6	15.294
687.5	2901.08	6.8	6.6	15.284
687.7	2901.09	6.8	6.6	15.269
687.9	2901.10	6.8	6.6	15.258
688.0	2901.11	6.8	6.6	15.248
688.2	2901.12	6.8	6.6	15.233
688.3	2901.13	6.8	6.6	15.222
688.4	2901.14	6.8	6.6	15.212
688.5	2901.15	6.8	6.6	15.197
688.6	2901.16	6.9	6.7	15.186
688.7	2901.17	6.9	6.7	15.176
688.8	2901.18	6.9	6.7	15.166
688.9	2901.19	6.9	6.7	15.150
689.0	2901.20	6.8	6.6	15.140
689.1	2901.21	6.8	6.6	15.130
689.1	2901.22	6.8	6.6	15.114
689.2	2901.23	6.8	6.6	15.104
689.3	2901.24	6.9	6.7	15.094
689.3	2901.25	6.9	6.7	15.083
689.4	2901.26	6.9	6.7	15.068
689.5	2901.27	6.9	6.7	15.058
689.5	2901.28	6.9	6.7	15.047
689.6	2901.29	6.9	6.7	15.032
689.6	2901.30	6.9	6.7	15.022
689.7	2901.31	7.0	6.8	15.011
689.7	2901.32	6.9	6.7	14.996
689.8	2901.33	7.0	6.8	14.986
689.9	2901.34	6.9	6.7	14.975
690.0	2901.35	6.9	6.7	14.965
690.1	2901.36	6.9	6.7	14.950
690.2	2901.37	6.9	6.7	14.939
690.3	2901.38	6.8	6.6	14.929
690.5	2901.39	6.9	6.7	14.919
690.6	2901.40	6.8	6.6	14.903
690.7	2901.41	6.9	6.7	14.893
690.9	2901.42	6.9	6.7	14.883
691.0	2901.43	7.0	6.8	14.867
691.2	2901.44	6.9	6.7	14.857
691.3	2901.45	6.9	6.7	14.847
691.4	2901.46	7.0	6.8	14.837
691.5	2901.47	7.0	6.8	14.821
691.6	2901.48	7.1	6.9	14.811
691.7	2901.49	7.1	6.9	14.801
691.8	2901.50	7.0	6.8	14.790
691.9	2901.51	7.0	6.8	14.775
692.0	2901.52	7.0	6.8	14.765
692.0	2901.53	7.1	6.9	14.754
692.1	2901.54	7.0	6.8	14.744
692.1	2901.55	7.0	6.8	14.729
692.2	2901.56	7.0	6.8	14.718
692.2	2901.57	7.0	6.8	14.708
692.3	2901.58	7.0	6.8	14.698
692.3	2901.59	7.1	6.9	14.682
692.4	2901.60	7.1	6.9	14.672
692.4	2901.61	7.1	6.9	14.662
692.5	2901.62	7.1	6.9	14.651
692.5	2901.63	7.1	6.9	14.636
692.5	2901.64	7.1	6.9	14.626
692.6	2901.65	7.0	6.8	14.615
692.6	2901.66	7.0	6.8	14.605
692.6	2901.67	7.0	6.8	14.590
692.6	2901.68	7.0	6.8	14.579
692.6	2901.69	7.0	6.8	14.569
692.6	2901.70	7.1	6.9	14.559
692.6	2901.71	7.1	6.9	14.543
692.6	2901.72	7.0	6.8	14.533
692.6	2901.73	7.0	6.8	14.523
692.5	2901.74	7.0	6.8	14.512
692.5	2901.75	7.0	6.8	14.497
692.5	2901.76	7.0	6.8	14.487
692.5	2901.77	7.0	6.8	14.476
692.4	2901.78	7.0	6.8	14.466
692.4	2901.79	7.0	6.8	14.451
692.3	2901.80	7.0	6.8	14.440
692.2	2901.81	7.0	6.8	14.430
692.1	2901.82	7.0	6.8	14.420
692.0	2901.83	7.0	6.8	14.410
691.9	2901.84	7.0	6.8	14.394
691.8	2901.85	7.0	6.8	14.384
691.7	2901.86	7.0	6.8	14.374
691.6	2901.87	7.0	6.8	14.363
691.5	2901.88	7.0	6.8	14.353
691.4	2901.89	7.0	6.8	14.338
691.3	2901.90	6.9	6.7	14.327
691.2	2901.91	6.9	6.7	14.317
691.1	2901.92	7.0	6.8	14.307
691.0	2901.93	7.0	6.8	14.291
690.9	2901.94	6.9	6.7	14.281
690.8	2901.95	6.9	6.7	14.271
690.8	2901.96	6.9	6.7	14.260
690.7	2901.97	6.9	6.7	14.250
690.7	2901.98	6.9	6.7	14.235
690.7	2901.99	6.9	6.7	14.224
690.6	2902.00	6.9	6.7	14.214
690.6	2902.01	6.9	6.7	14.204
690.6	2902.02	6.9	6.7	14.194
690.6	2902.03	6.8	6.6	14.178
690.6	2902.04	6.8	6.6	14.168
690.6	2902.05	6.9	6.7	14.157
690.7	2902.06	6.9	6.7	14.147
690.7	2902.07	6.9	6.7	14.137
690.7	2902.08	6.9	6.7	14.121
690.8	2902.09	6.9	6.7	14.111
690.8	2902.10	6.9	6.7	14.101
690.8	2902.11	6.7	6.5	14.091
690.9	2902.12	6.7	6.5	14.080
690.9	2902.13	6.7	6.5	14.070
690.9	2902.14	6.9	6.7	14.055
691.0	2902.15	6.9	6.7	14.044
691.0	2902.16	6.9	6.7	14.034
691.0	2902.17	7.0	6.8	14.024
691.1	2902.18	7.0	6.8	14.013
691.1	2902.19	7.0	6.8	13.998
691.1	2902.20	7.0	6.8	13.988
691.1	2902.21	7.0	6.8	13.977
691.2	2902.22	7.0	6.8	13.967
691.2	2902.23	7.1	6.9	13.957
691.2	2902.24	7.1	6.9	13.947
691.3	2902.25	7.1	6.9	13.931
691.3	2902.26	7.1	6.9	13.921
691.4	2902.27	7.1	6.9	13.911
691.5	2902.28	7.1	6.9	13.900
691.6	2902.29	7.1	6.9	13.890
691.6	2902.30	7.1	6.9	13.880
691.7	2902.31	7.0	6.8	13.869
691.8	2902.32	7.1	6.9	13.854
691.9	2902.33	7.1	6.9	13.844
692.0	2902.34	7.1	6.9	13.833
692.0	2902.35	7.1	6.9	13.823
692.1	2902.36	7.1	6.9	13.813
692.2	2902.37	7.1	6.9	13.803
692.2	2902.38	7.1	6.9	13.787
692.3	2902.39	7.2	7.0	13.777
692.4	2902.40	7.3	7.1	13.767
692.4	2902.41	7.2	7.0	13.756
692.5	2902.42	7.2	7.0	13.746
692.6	2902.43	7.2	7.0	13.736
692.6	2902.44	7.2	7.0	13.725
692.7	2902.45	7.2	7.0	13.715
692.7	2902.46	7.2	7.0	13.700
692.8	2902.47	7.2	7.0	13.689
692.8	2902.48	7.2	7.0	13.679
692.9	2902.49	7.3	7.1	13.669
692.9	2902.50	7.3	7.1	13.658
693.0	2902.51	7.2	7.0	13.648
693.1	2902.52	7.2	7.0	13.638
693.1	2902.53	7.2	7.0	13.622
693.2	2902.54	7.2	7.0	13.612
693.2	2902.55	7.2	7.0	13.602
693.2	2902.56	7.3	7.1	13.592
693.3	2902.57	7.3	7.1	13.581
693.3	2902.58	7.3	7.1	13.571
693.3	2902.59	7.3	7.1	13.561
693.3	2902.60	7.3	7.1	13.550
693.3	2902.61	7.2	7.0	13.540
693.3	2902.62	7.2	7.0	13.525
693.2	2902.63	7.2	7.0	13.514
693.2	2902.64	7.2	7.0	13.504
693.2	2902.65	7.2	7.0	13.494
693.2	2902.66	7.2	7.0	13.484
693.2	2902.67	7.2	7.0	13.473
693.2	2902.68	7.2	7.0	13.463
693.3	2902.69	7.2	7.0	13.453
693.3	2902.70	7.2	7.0	13.442
693.3	2902.71	7.2	7.0	13.432
693.3	2902.72	7.2	7.0	13.417
693.3	2902.73	7.3	7.1	13.406
693.3	2902.74	7.3	7.1	13.396
693.3	2902.75	7.4	7.2	13.386
693.3	2902.76	7.3	7.1	13.376
693.3	2902.77	7.3	7.1	13.365
693.3	2902.78	7.4	7.2	13.355
693.3	2902.79	7.4	7.2	13.345
693.3	2902.80	7.3	7.1	13.334
693.3	2902.81	7.4	7.2	13.324
693.3	2902.82	7.3	7.1	13.314
693.3	2902.83	7.4	7.2	13.304
693.4	2902.84	7.4	7.2	13.288
693.4	2902.85	7.4	7.2	13.278
693.4	2902.86	7.5	7.3	13.268
693.5	2902.87	7.5	7.3	13.257
693.5	2902.88	7.5	7.3	13.247
693.6	2902.89	7.5	7.2	13.237
693.7	2902.90	7.5	7.3	13.226
693.8	2902.91	7.5	7.2	13.216
693.9	2902.92	7.4	7.2	13.206
693.9	2902.93	7.4	7.2	13.195
694.0	2902.94	7.5	7.2	13.185
694.1	2902.95	7.4	7.2	13.175
694.2	2902.96	7.4	7.2	13.165
694.3	2902.97	7.5	7.3	13.154
694.4	2902.98	7.5	7.3	13.144
694.5	2902.99	7.5	7.3	13.134
694.6	2903.00	7.5	7.3	13.123
694.7	2903.01	7.5	7.3	13.108
694.7	2903.02	7.5	7.3	13.098
694.8	2903.03	7.5	7.3	13.087
694.9	2903.04	7.5	7.3	13.077
694.9	2903.05	7.5	7.3	13.067
695.0	2903.06	7.5	7.3	13.057
695.1	2903.07	7.6	7.4	13.046
695.2	2903.08	7.5	7.3	13.036
695.3	2903.09	7.5	7.3	13.026
695.4	2903.10	7.5	7.3	13.015
695.5	2903.11	7.5	7.2	13.005
695.6	2903.12	7.5	7.3	12.995
695.7	2903.13	7.6	7.4	12.985
695.9	2903.14	7.6	7.4	12.974
696.0	2903.15	7.6	7.4	12.964
696.2	2903.16	7.6	7.4	12.954
696.4	2903.17	7.6	7.4	12.943
696.6	2903.18	7.6	7.4	12.933
696.7	2903.19	7.6	7.4	12.923
696.9	2903.20	7.6	7.4	12.913
697.1	2903.21	7.6	7.4	12.902
697.4	2903.22	7.6	7.4	12.892
697.6	2903.23	7.6	7.4	12.882
697.8	2903.24	7.7	7.5	12.871
698.1	2903.25	7.5	7.3	12.861
698.4	2903.26	7.7	7.5	12.851
698.7	2903.27	7.7	7.5	12.841
699.0	2903.28	7.4	7.2	12.830
699.3	2903.29	7.1	6.9	12.820
699.7	2903.30	7.4	7.2	12.810
700.0	2903.31	7.6	7.4	12.799
700.3	2903.32	7.4	7.2	12.789
700.6	2903.33	7.6	7.4	12.779
701.0	2903.34	7.6	7.4	12.769
701.3	2903.35	7.6	7.4	12.758
701.5	2903.36	7.7	7.5	12.748
701.8	2903.37	7.9	7.7	12.738
702.0	2903.38	7.6	7.4	12.727
702.2	2903.39	7.9	7.7	12.717
702.4	2903.40	7.8	7.6	12.707
702.5	2903.41	7.7	7.5	12.696
702.7	2903.42	7.6	7.4	12.686
702.8	2903.43	7.4	7.2	12.676
702.9	2903.44	7.2	7.0	12.666
703.0	2903.45	7.4	7.2	12.655
703.1	2903.46	7.4	7.2	12.645
703.2	2903.47	7.4	7.2	12.635
703.2	2903.48	7.5	7.2	12.624
703.3	2903.49	7.5	7.3	12.614
703.4	2903.50	7.6	7.4	12.609
703.5	2903.51	7.7	7.5	12.599
703.6	2903.52	7.8	7.5	12.588
703.7	2903.53	7.8	7.6	12.578
703.8	2903.54	7.8	7.6	12.568
704.0	2903.55	7.9	7.7	12.558
704.1	2903.56	7.9	7.7	12.547
704.3	2903.57	7.9	7.7	12.537
704.5	2903.58	8.0	7.8	12.527
704.7	2903.59	8.0	7.8	12.516
705.0	2903.60	8.0	7.8	12.506
705.3	2903.61	8.0	7.8	12.496
705.6	2903.62	8.0	7.8	12.486
705.9	2903.63	8.1	7.9	12.475
706.2	2903.64	8.1	7.9	12.465
706.5	2903.65	8.1	7.9	12.455
706.9	2903.66	8.1	7.9	12.450
707.2	2903.67	8.1	7.9	12.439
707.5	2903.68	8.2	8.0	12.429
707.9	2903.69	8.2	8.0	12.419
708.2	2903.70	8.2	8.0	12.408
708.5	2903.71	8.2	8.0	12.398
708.8	2903.72	8.2	8.0	12.388
709.1	2903.73	8.1	7.9	12.378
709.4	2903.74	8.0	7.8	12.367
709.6	2903.75	8.1	7.9	12.352
709.9	2903.76	8.2	8.0	12.336
710.2	2903.77	8.2	8.0	12.321
710.5	2903.78	8.3	8.1	12.306
710.8	2903.79	8.0	7.8	12.285
711.1	2903.80	7.9	7.7	12.269
711.4	2903.81	7.8	7.6	12.264
711.7	2903.82	7.8	7.6	12.269
712.1	2903.83	7.8	7.6	12.290
712.4	2903.84	7.8	7.6	12.326
712.8	2903.85	7.8	7.6	12.367
713.2	2903.86	7.9	7.7	12.408
713.7	2903.87	8.0	7.8	12.444
714.1	2903.88	8.0	7.8	12.475
714.6	2903.89	8.0	7.8	12.501
715.0	2903.90	8.1	7.9	12.527
715.5	2903.91	8.2	8.0	12.552
716.0	2903.92	8.2	8.0	12.568
716.4	2903.93	8.2	8.0	12.578
716.9	2903.94	8.2	8.0	12.594
717.4	2903.95	8.2	8.0	12.604
717.8	2903.96	8.2	8.0	12.609
718.3	2903.97	8.2	8.1	12.604
718.7	2903.98	8.2	8.0	12.583
719.2	2903.99	8.2	8.0	12.547
719.6	2904.00	8.2	8.0	12.511
720.1	2904.01	8.2	8.0	12.470
720.6	2904.02	8.3	8.1	12.429
721.0	2904.03	8.4	8.2	12.388
721.5	2904.04	8.4	8.2	12.347
722.0	2904.05	8.5	8.3	12.300
722.5	2904.06	8.6	8.4	12.244
723.0	2904.07	8.6	8.4	12.182
723.6	2904.08	8.6	8.4	12.115
724.1	2904.09	8.6	8.4	12.033
724.7	2904.10	8.6	8.4	11.945
725.3	2904.11	8.7	8.5	11.848
725.8	2904.12	8.8	8.6	11.740
726.4	2904.13	8.8	8.6	11.616
727.0	2904.14	8.8	8.6	11.482
727.6	2904.15	8.8	8.6	11.338
728.2	2904.16	8.9	8.7	11.194
728.8	2904.17	9.1	8.9	11.055
729.3	2904.18	9.1	8.9	10.917
729.9	2904.19	9.1	8.9	10.783
730.5	2904.20	9.1	8.9	10.654
731.1	2904.21	9.1	8.9	10.541
731.7	2904.22	9.1	8.9	10.428
732.3	2904.23	9.1	8.9	10.325
732.8	2904.24	9.1	8.9	10.227
733.3	2904.25	9.1	8.9	10.140
733.8	2904.26	9.1	8.9	10.063
734.3	2904.27	9.2	9.0	10.001
734.7	2904.28	9.2	9.1	9.954
735.1	2904.29	9.3	9.1	9.924
735.5	2904.30	9.2	9.0	9.903
735.8	2904.31	9.2	9.0	9.882
736.2	2904.32	9.2	9.0	9.872
736.5	2904.33	9.2	9.0	9.867
736.8	2904.34	9.2	9.1	9.862
737.2	2904.35	9.3	9.1	9.852
737.5	2904.36	9.4	9.2	9.836
737.9	2904.37	9.4	9.2	9.821
738.2	2904.38	9.5	9.3	9.795
738.6	2904.39	9.6	9.4	9.769
739.0	2904.40	9.7	9.5	9.738
739.4	2904.41	9.7	9.5	9.702
739.8	2904.42	9.7	9.5	9.666
740.2	2904.43	9.8	9.6	9.620
740.5	2904.44	9.8	9.6	9.579
741.0	2904.45	9.8	9.6	9.528
741.4	2904.46	9.7	9.5	9.466
741.8	2904.47	9.8	9.6	9.394
742.2	2904.48	9.9	9.7	9.317
742.7	2904.49	9.9	9.8	9.229
743.1	2904.50	9.9	9.8	9.147
743.6	2904.51	10.0	9.8	9.075
744.1	2904.52	10.0	9.8	9.008
744.6	2904.53	10.0	9.8	8.956
745.1	2904.54	10.1	9.9	8.920
745.6	2904.55	10.1	9.9	8.890
746.1	2904.56	10.2	10.0	8.869
746.6	2904.57	10.2	10.0	8.843
747.0	2904.58	10.3	10.1	8.828
747.5	2904.59	10.4	10.2	8.807
747.9	2904.60	10.4	10.2	8.792
748.4	2904.61	10.3	10.1	8.782
748.8	2904.62	10.3	10.1	8.776
749.2	2904.63	10.2	10.0	8.776
749.6	2904.64	10.3	10.1	8.782
749.9	2904.65	10.3	10.1	8.797
750.3	2904.66	10.3	10.1	8.812
750.7	2904.67	10.4	10.2	8.843
751.0	2904.68	10.4	10.2	8.890
751.4	2904.69	10.4	10.2	8.946
751.7	2904.70	10.4	10.2	9.008
752.0	2904.71	10.4	10.2	9.085
752.3	2904.72	10.4	10.2	9.162
752.7	2904.73	10.5	10.3	9.245
753.0	2904.74	10.5	10.3	9.332
753.3	2904.75	10.5	10.3	9.425
753.6	2904.76	10.6	10.4	9.528
753.9	2904.77	10.7	10.5	9.636
754.2	2904.78	10.7	10.5	9.749
754.4	2904.79	10.4	10.2	9.862
754.7	2904.80	10.2	10.0	9.965
755.0	2904.81	10.3	10.1	10.057
755.2	2904.82	10.4	10.2	10.124
755.5	2904.83	10.3	10.1	10.171
755.7	2904.84	10.3	10.1	10.201
756.0	2904.85	10.5	10.3	10.222
756.2	2904.86	10.6	10.4	10.237
756.5	2904.87	10.7	10.5	10.248
756.7	2904.88	10.8	10.6	10.248
757.0	2904.89	10.8	10.6	10.237
757.3	2904.90	10.8	10.6	10.217
757.6	2904.91	10.9	10.7	10.186
757.9	2904.92	11.0	10.8	10.145
758.2	2904.93	10.8	10.6	10.093
758.5	2904.94	10.7	10.5	10.052
758.8	2904.95	10.8	10.6	10.027
759.1	2904.96	10.7	10.5	10.016
759.4	2904.97	10.5	10.3	10.021
759.7	2904.98	10.4	10.2	10.037
760.0	2904.99	10.5	10.3	10.057
760.3	2905.00	10.5	10.3	10.073
760.6	2905.01	10.5	10.3	10.093
760.9	2905.02	10.5	10.3	10.114
761.3	2905.03	10.5	10.3	10.140
761.6	2905.04	10.5	10.3	10.171
762.0	2905.05	10.5	10.3	10.207
762.3	2905.06	10.4	10.2	10.243
762.7	2905.07	10.6	10.4	10.284
763.1	2905.08	10.7	10.5	10.320
763.5	2905.09	10.8	10.6	10.345
763.9	2905.10	10.8	10.6	10.351
764.4	2905.11	10.9	10.7	10.335
764.8	2905.12	11.0	10.8	10.294
765.2	2905.13	11.0	10.8	10.227
765.6	2905.14	10.9	10.7	10.140
766.0	2905.15	10.9	10.7	10.027
766.5	2905.16	10.9	10.7	9.898
766.9	2905.17	11.0	10.8	9.749
767.4	2905.18	11.1	10.9	9.589
767.9	2905.19	11.0	10.8	9.414
768.4	2905.20	11.1	10.9	9.224
768.9	2905.21	11.2	11.0	9.018
769.5	2905.22	11.2	11.0	8.782
770.1	2905.23	11.4	11.2	8.529
770.7	2905.24	11.4	11.2	8.262
771.4	2905.25	11.5	11.3	7.984
772.1	2905.26	11.5	11.3	7.701
772.8	2905.27	11.5	11.3	7.423
773.5	2905.28	11.7	11.5	7.146
774.2	2905.29	11.8	11.6	6.873
774.9	2905.30	11.9	11.7	6.600
775.6	2905.31	12.0	11.8	6.328
776.2	2905.32	11.9	11.7	6.055
776.9	2905.33	12.0	11.8	5.787
777.5	2905.34	11.9	11.7	5.520
778.1	2905.35	11.8	11.7	5.263
778.6	2905.36	11.9	11.7	5.011
779.2	2905.37	11.9	11.7	4.774
779.7	2905.38	12.0	11.8	4.548
780.3	2905.39	12.0	11.8	4.326
780.8	2905.40	12.0	11.8	4.105
781.3	2905.41	12.2	12.0	3.889
781.8	2905.42	12.3	12.1	3.683
782.3	2905.43	12.2	12.0	3.483
782.7	2905.44	12.3	12.1	3.292
783.2	2905.45	12.4	12.2	3.118
783.6	2905.46	12.3	12.1	2.958
784.0	2905.47	12.2	12.0	2.809
784.4	2905.48	12.3	12.1	2.670
784.8	2905.49	12.2	12.1	2.541
785.2	2905.50	12.3	12.1	2.433
785.5	2905.51	12.3	12.2	2.341
785.9	2905.52	12.5	12.3	2.264
786.2	2905.53	12.5	12.3	2.207
786.6	2905.54	12.4	12.2	2.171
786.9	2905.55	12.5	12.3	2.156
787.3	2905.56	12.6	12.4	2.166
787.6	2905.57	12.7	12.5	2.186
788.0	2905.58	12.8	12.6	2.217
788.4	2905.59	12.8	12.6	2.253
788.7	2905.60	12.8	12.6	2.300
789.1	2905.61	12.6	12.4	2.346
789.5	2905.62	12.6	12.4	2.402
789.9	2905.63	12.8	12.6	2.459
790.3	2905.64	12.9	12.7	2.531
790.8	2905.65	12.8	12.7	2.613
791.2	2905.66	12.9	12.7	2.701
791.7	2905.67	13.0	12.8	2.804
792.3	2905.68	13.1	12.9	2.917
792.8	2905.69	13.1	12.9	3.035
793.4	2905.70	13.2	13.0	3.148
793.9	2905.71	13.2	13.0	3.256
794.5	2905.72	13.3	13.1	3.359
795.1	2905.73	13.3	13.1	3.457
795.7	2905.74	13.3	13.1	3.560
796.2	2905.75	13.2	13.0	3.658
796.8	2905.76	13.4	13.2	3.755
797.3	2905.77	13.5	13.3	3.858
797.9	2905.78	13.5	13.3	3.961
798.4	2905.79	13.5	13.3	4.064
799.0	2905.80	13.5	13.3	4.167
799.5	2905.81	13.4	13.2	4.270
800.0	2905.82	13.5	13.3	4.373
800.5	2905.83	13.7	13.5	4.471
801.0	2905.84	13.8	13.6	4.563
801.5	2905.85	13.9	13.7	4.661
802.0	2905.86	13.9	13.7	4.753
802.4	2905.87	14.0	13.8	4.846
802.9	2905.88	14.1	13.9	4.939
803.4	2905.89	14.1	13.9	5.042
803.9	2905.90	14.2	14.0	5.150
804.4	2905.91	14.0	13.8	5.268
804.9	2905.92	14.3	14.1	5.397
805.4	2905.93	14.5	14.3	5.530
805.9	2905.94	14.4	14.2	5.674
806.5	2905.95	14.6	14.4	5.818
807.0	2905.96	14.7	14.5	5.957
807.6	2905.97	14.6	14.4	6.101
808.1	2905.98	14.7	14.5	6.235
808.7	2905.99	14.8	14.6	6.359
809.2	2906.00	14.8	14.6	6.482
809.6	2906.01	14.8	14.6	6.595
810.1	2906.02	14.7	14.5	6.703
810.6	2906.03	14.7	14.5	6.791
811.0	2906.04	14.7	14.5	6.863
811.4	2906.05	14.6	14.4	6.924
811.8	2906.06	14.4	14.2	6.971
812.2	2906.07	14.4	14.2	6.996
812.5	2906.08	14.6	14.4	7.012
812.9	2906.09	14.6	14.4	7.007
813.2	2906.10	14.6	14.4	6.996
813.6	2906.11	14.6	14.4	6.981
813.9	2906.12	14.6	14.4	6.955
814.2	2906.13	14.5	14.3	6.930
814.5	2906.14	14.5	14.3	6.909
814.9	2906.15	14.3	14.1	6.883
815.2	2906.16	14.0	13.8	6.852
815.5	2906.17	13.8	13.6	6.827
815.9	2906.18	13.8	13.6	6.796
816.2	2906.19	13.8	13.6	6.775
816.6	2906.20	13.6	13.4	6.760
817.0	2906.21	13.6	13.4	6.750
817.3	2906.22	13.8	13.6	6.755
817.7	2906.23	13.8	13.6	6.775
818.1	2906.24	13.8	13.6	6.811
818.5	2906.25	13.7	13.5	6.852
818.9	2906.26	13.9	13.7	6.899
819.3	2906.27	13.8	13.6	6.950
819.7	2906.28	14.1	13.9	7.002
820.1	2906.29	14.2	14.0	7.053
820.5	2906.30	14.1	13.9	7.099
821.0	2906.31	14.2	14.0	7.151
821.4	2906.32	14.2	14.0	7.207
821.8	2906.33	14.4	14.2	7.279
822.2	2906.34	14.4	14.2	7.357
822.6	2906.35	14.4	14.2	7.454
823.0	2906.36	14.5	14.3	7.547
823.4	2906.37	14.5	14.3	7.645
823.8	2906.38	14.6	14.4	7.727
824.1	2906.39	14.6	14.4	7.804
824.5	2906.40	14.5	14.3	7.866
824.8	2906.41	14.3	14.1	7.922
825.2	2906.42	14.2	14.0	7.974
825.5	2906.43	14.0	13.8	8.030
825.8	2906.44	14.0	13.8	8.097
826.1	2906.45	14.0	13.8	8.164
826.5	2906.46	14.1	13.9	8.241
826.7	2906.47	14.2	14.0	8.319
827.0	2906.48	14.2	14.1	8.396
827.3	2906.49	14.3	14.1	8.463
827.6	2906.50	14.3	14.1	8.529
827.8	2906.51	14.1	13.9	8.596
828.1	2906.52	13.9	13.7	8.668
828.4	2906.53	13.8	13.6	8.751
828.6	2906.54	13.8	13.6	8.838
828.9	2906.55	13.6	13.4	8.946
829.2	2906.56	13.8	13.6	9.065
829.5	2906.57	13.9	13.7	9.198
829.8	2906.58	13.9	13.7	9.327
830.1	2906.59	14.0	13.8	9.461
830.5	2906.60	13.9	13.7	9.589
830.8	2906.61	14.0	13.8	9.713
831.2	2906.62	14.1	13.9	9.836
831.5	2906.63	14.1	13.9	9.965
831.9	2906.64	14.1	13.9	10.093
832.2	2906.65	14.0	13.8	10.237
832.6	2906.66	13.8	13.6	10.387
832.9	2906.67	13.8	13.6	10.536
833.3	2906.68	13.7	13.5	10.690
833.6	2906.69	13.8	13.6	10.834
834.0	2906.70	13.8	13.6	10.968
834.3	2906.71	13.9	13.7	11.081
834.7	2906.72	13.9	13.7	11.179
835.0	2906.73	13.9	13.7	11.271
835.4	2906.74	14.0	13.8	11.364
835.7	2906.75	14.1	13.9	11.467
836.1	2906.76	14.1	13.9	11.585
836.4	2906.77	14.3	14.1	11.719
836.8	2906.78	14.4	14.2	11.853
837.2	2906.79	14.3	14.1	11.987
837.5	2906.80	14.2	14.0	12.105
837.9	2906.81	14.3	14.1	12.203
838.2	2906.82	14.1	13.9	12.285
838.5	2906.83	14.0	13.8	12.352
838.9	2906.84	13.9	13.7	12.414
839.2	2906.85	13.9	13.7	12.486
839.4	2906.86	13.8	13.6	12.563
839.7	2906.87	13.8	13.6	12.655
840.0	2906.88	13.8	13.6	12.743
840.2	2906.89	13.9	13.7	12.825
840.4	2906.90	14.0	13.8	12.887
840.6	2906.91	13.9	13.7	12.918
840.8	2906.92	13.9	13.7	12.933
841.0	2906.93	13.9	13.7	12.928
841.2	2906.94	13.9	13.7	12.913
841.3	2906.95	14.0	13.8	12.892
841.5	2906.96	13.9	13.7	12.882
841.7	2906.97	13.8	13.6	12.871
841.9	2906.98	13.9	13.7	12.866
842.1	2906.99	13.9	13.7	12.851
842.3	2907.00	13.8	13.7	12.825
842.5	2907.01	13.9	13.7	12.784
842.7	2907.02	13.9	13.7	12.732
842.9	2907.03	13.9	13.7	12.676
