P[mb]	z[m]	T[C]	Td[C]	WS[m/s]
925.0	0.00	23.6	15.6	0.000
924.1	18.00	23.3	16.3	12.208
923.7	36.00	23.0	16.1	12.223
923.2	42.00	22.6	15.9	12.228
922.7	48.00	22.3	15.6	12.244
922.0	54.00	22.0	15.3	12.280
921.5	59.00	21.7	15.1	12.331
920.9	65.00	21.4	14.8	12.357
920.4	70.00	21.4	14.9	12.383
919.9	75.00	21.4	14.9	12.424
919.3	80.00	21.2	14.6	12.486
918.8	84.00	21.1	14.7	12.558
918.3	88.00	21.1	14.7	12.640
917.8	93.00	20.9	14.3	12.666
917.3	98.00	20.6	14.0	12.635
916.8	102.00	20.4	13.8	12.547
916.3	106.40	20.3	13.8	12.398
915.9	110.90	20.2	13.8	12.244
915.4	114.40	20.2	13.8	12.089
915.0	117.90	20.2	13.9	11.951
914.5	121.90	20.1	13.9	11.832
914.1	125.90	20.1	13.9	11.724
913.7	128.40	20.0	13.9	11.637
913.3	130.90	19.9	13.9	11.580
912.9	133.90	19.9	13.9	11.560
912.5	138.90	19.8	13.9	11.549
912.1	142.40	19.7	13.9	11.554
911.8	145.90	19.7	13.9	11.560
911.4	149.40	19.6	13.9	11.534
911.1	152.90	19.6	13.9	11.472
910.7	155.90	19.6	13.9	13.741
910.3	159.90	19.9	14.2	13.592
909.9	163.90	19.9	14.2	13.442
909.5	168.90	19.7	14.1	13.298
909.0	172.90	19.7	14.1	13.149
908.6	177.90	19.9	14.4	12.985
908.2	182.90	19.8	14.2	12.805
907.7	187.90	19.7	14.2	12.573
907.2	191.90	19.6	14.1	12.336
906.8	197.40	19.6	14.1	12.089
906.3	202.90	19.6	14.2	11.837
905.8	206.90	19.6	14.1	11.585
905.4	210.90	19.5	14.1	11.364
905.0	212.90	19.4	14.0	11.143
904.5	214.90	19.4	14.0	10.937
904.1	218.40	19.4	14.0	10.736
903.6	221.90	19.4	14.0	10.556
903.2	226.90	19.4	14.1	10.387
902.7	231.90	19.6	14.3	10.248
902.2	238.30	19.5	14.2	10.129
901.7	244.80	19.5	14.3	10.037
901.1	251.80	19.8	14.7	9.954
900.5	258.80	20.0	14.8	9.888
899.9	267.80	19.8	14.5	9.816
899.3	276.80	19.5	14.3	9.733
898.6	281.80	19.3	14.2	9.630
898.0	286.80	19.4	14.4	9.502
897.3	292.80	19.5	14.3	9.342
896.7	297.80	19.4	14.2	9.167
896.0	301.80	19.3	14.3	8.992
895.5	308.80	19.6	14.6	8.818
894.9	313.80	19.7	14.7	8.648
894.3	318.80	19.8	14.9	8.468
893.8	322.30	19.9	15.0	8.267
893.2	325.80	19.7	14.7	8.036
892.7	329.80	19.5	14.3	7.768
892.1	335.80	19.3	14.1	7.459
891.6	342.80	19.1	13.9	7.125
891.0	348.80	19.2	14.1	6.765
890.4	354.70	19.1	14.1	6.395
889.8	361.70	18.9	13.9	6.019
889.1	369.70	19.1	14.1	5.643
888.5	376.70	19.3	14.5	5.268
887.8	382.70	19.4	14.7	4.903
887.0	389.70	19.6	14.9	4.537
886.3	397.70	19.8	15.1	4.182
885.5	405.70	19.7	14.9	3.843
884.6	414.70	19.4	14.5	3.524
883.8	424.70	19.3	14.3	3.215
883.0	445.70	19.2	14.3	2.917
882.1	454.70	19.1	14.4	2.629
881.2	462.70	19.2	14.6	2.356
880.3	470.60	19.3	14.7	2.094
879.5	477.60	19.2	14.6	1.842
878.6	484.60	19.2	14.5	1.605
877.7	492.60	19.1	14.5	1.389
876.9	500.60	19.0	14.4	1.214
876.0	509.10	18.9	14.3	1.085
875.2	517.60	18.8	14.2	1.019
874.4	526.60	18.7	14.1	1.008
873.5	535.60	18.6	14.0	1.049
872.7	543.10	18.6	14.0	1.147
871.9	550.60	18.6	14.0	1.302
871.0	558.10	18.5	14.0	1.487
870.2	565.60	18.4	14.0	1.693
869.3	574.60	18.4	14.0	1.898
868.5	583.50	18.3	13.9	2.104
867.6	589.50	18.2	13.9	2.305
866.8	595.50	18.2	13.9	2.505
866.0	601.50	18.0	13.7	2.696
865.2	608.50	18.1	13.8	2.876
864.3	615.50	18.0	13.8	3.051
863.5	623.50	17.9	13.7	3.210
862.7	631.50	17.8	13.7	3.359
862.0	639.50	17.8	13.6	3.493
861.2	647.50	17.7	13.6	3.606
860.4	655.50	17.7	13.6	3.699
859.6	662.50	17.6	13.6	3.786
858.9	668.50	17.5	13.5	3.869
858.2	676.50	17.5	13.5	3.951
857.5	683.50	17.4	13.5	4.033
856.8	690.40	17.4	13.5	4.110
856.1	695.90	17.3	13.4	4.193
855.4	701.40	17.2	13.3	4.270
854.7	707.90	17.1	13.3	4.347
854.0	714.40	17.1	13.3	4.424
853.3	722.40	17.0	13.3	4.481
852.6	730.40	16.9	13.3	4.527
851.9	744.40	16.9	13.4	4.553
851.3	750.40	16.8	13.3	4.558
850.6	756.40	16.8	13.3	4.553
849.9	764.40	16.7	13.3	4.543
849.1	772.40	16.7	13.2	4.543
848.4	779.40	16.6	13.2	4.558
847.7	786.40	16.5	13.2	4.579
846.9	795.30	16.5	13.1	4.604
846.1	805.30	16.4	13.1	4.625
845.3	815.30	16.3	13.1	4.630
844.5	826.30	16.1	13.1	4.630
843.7	835.30	16.1	13.1	4.630
842.8	843.30	16.0	13.1	4.645
842.0	851.30	15.9	13.1	4.692
841.1	860.30	15.8	13.1	4.779
840.3	868.80	15.8	13.0	4.903
839.4	877.30	15.7	13.0	5.062
838.6	884.30	15.6	13.0	5.252
837.8	890.30	15.5	12.9	5.448
836.9	897.20	15.4	12.9	5.643
836.1	906.20	15.4	12.9	5.829
835.2	917.20	15.3	12.9	6.019
834.3	928.20	15.2	12.9	6.220
833.5	938.20	15.2	13.0	6.441
832.6	949.20	15.1	12.9	6.677
831.7	959.70	14.9	12.9	6.930
830.7	970.20	14.8	12.9	7.187
829.8	980.20	14.8	12.9	7.429
828.8	989.20	14.7	12.9	7.650
827.9	999.10	14.6	12.8	7.845
826.9	1007.10	14.5	12.7	8.025
826.0	1015.10	14.4	12.7	8.195
825.1	1023.10	14.3	12.7	8.355
824.2	1030.10	14.3	12.7	8.504
823.4	1038.80	14.2	12.7	8.643
822.5	1047.60	14.1	12.7	8.766
821.7	1056.30	14.1	12.7	8.879
820.9	1065.10	14.0	12.8	8.977
820.1	1072.60	13.9	12.8	9.070
819.3	1080.10	13.8	12.8	9.167
818.5	1089.00	13.8	12.8	9.270
817.7	1098.00	13.7	12.8	9.389
816.9	1107.00	13.7	12.8	9.528
816.0	1116.00	13.6	12.8	9.687
815.2	1125.80	13.6	12.8	9.872
814.4	1135.50	13.6	12.8	10.078
813.5	1145.20	13.5	12.8	10.294
812.6	1155.00	13.5	12.8	10.515
811.7	1165.50	13.4	12.8	10.747
810.8	1176.00	13.4	12.8	10.994
809.9	1184.90	13.3	12.8	11.251
809.0	1193.90	13.3	12.8	11.518
808.1	1202.90	13.2	12.7	11.786
807.1	1212.90	13.2	12.6	12.048
806.2	1222.90	13.2	12.6	12.290
805.3	1231.90	13.1	12.7	12.511
804.4	1240.90	13.1	12.6	12.696
803.5	1250.90	13.0	12.6	12.846
802.6	1259.90	13.0	12.6	12.974
801.7	1267.80	12.9	12.5	13.082
800.9	1275.80	12.9	12.5	13.185
800.0	1283.80	12.9	12.5	13.278
799.1	1293.80	12.8	12.4	13.360
798.3	1303.80	12.8	12.4	13.437
797.4	1308.30	12.8	12.3	13.504
796.6	1312.80	12.7	12.3	13.566
795.7	1328.80	12.7	12.3	13.628
794.9	1337.80	12.6	12.3	13.684
794.0	1347.80	12.6	12.3	13.756
793.1	1357.70	12.6	12.2	13.844
792.3	1366.70	12.5	12.2	13.962
791.5	1375.70	12.5	12.1	14.101
790.7	1383.20	12.4	12.1	14.250
789.9	1390.70	12.4	12.1	14.399
789.1	1395.70	12.3	12.0	14.543
788.4	1401.20	12.3	12.0	14.682
787.7	1406.70	12.3	12.0	14.842
787.0	1413.70	12.3	12.0	15.032
786.3	1422.70	12.3	11.9	15.248
785.6	1429.70	12.2	11.9	15.490
784.9	1436.70	12.2	11.9	15.752
784.3	1444.60	12.2	11.9	16.009
783.6	1452.60	12.1	11.9	16.267
782.9	1461.60	12.1	11.9	16.519
782.2	1470.60	12.1	11.9	16.755
781.5	1479.10	12.0	11.8	16.982
780.7	1487.60	12.0	11.8	17.218
780.0	1495.60	11.9	11.8	17.481
779.2	1504.60	11.9	11.7	17.764
778.5	1512.60	11.9	11.7	18.057
777.7	1521.60	11.8	11.6	18.350
776.9	1530.50	11.8	11.6	18.618
776.1	1539.50	11.8	11.6	18.860
775.3	1547.50	11.7	11.5	19.070
774.6	1556.50	11.7	11.5	19.261
773.8	1564.00	11.6	11.4	19.441
773.1	1571.50	11.6	11.4	19.621
772.3	1577.50	11.6	11.4	19.796
771.6	1583.50	11.6	11.4	19.976
770.9	1589.50	11.5	11.3	20.161
770.3	1595.50	11.5	11.3	20.336
769.6	1602.50	11.5	11.3	20.495
769.0	1607.40	11.4	11.2	20.634
768.4	1612.90	11.4	11.2	20.758
767.9	1618.40	11.4	11.2	20.866
767.3	1624.40	11.4	11.2	20.964
766.8	1630.40	11.4	11.2	21.061
766.2	1635.40	11.4	11.2	21.154
765.7	1640.40	11.4	11.2	21.247
765.2	1645.40	11.4	11.2	21.334
764.7	1650.40	11.4	11.2	21.416
764.2	1654.90	11.3	11.1	21.488
763.7	1659.40	11.3	11.1	21.555
763.3	1663.90	11.3	11.1	21.602
762.8	1668.40	11.3	11.1	21.638
762.4	1670.40	11.2	11.1	21.653
762.0	1672.40	11.2	11.0	21.658
761.5	1676.40	11.2	11.0	21.658
761.1	1685.30	11.2	11.0	21.653
760.7	1687.30	11.2	11.0	21.653
760.3	1689.30	11.2	11.0	21.643
759.9	1694.30	11.2	11.0	21.632
759.5	1698.30	11.2	11.0	21.612
759.2	1702.30	11.2	11.0	21.586
758.8	1706.30	11.1	10.9	21.545
758.4	1709.30	11.1	10.9	21.493
758.1	1713.30	11.1	10.9	21.442
757.8	1716.80	11.0	10.8	21.391
757.4	1720.30	11.0	10.8	21.355
757.1	1723.30	11.0	10.8	21.324
756.8	1726.30	11.0	10.8	21.303
756.5	1729.80	11.0	10.8	21.283
756.2	1733.30	11.1	10.9	21.257
755.9	1736.80	11.1	10.9	21.231
755.6	1740.30	11.1	10.9	21.200
755.3	1743.30	11.1	10.9	21.164
755.0	1746.30	11.0	10.8	21.133
754.7	1748.80	11.0	10.8	21.097
754.5	1751.30	10.9	10.7	21.072
754.2	1753.80	10.9	10.7	21.056
754.0	1756.30	10.9	10.7	21.046
753.8	1758.30	10.8	10.7	21.041
753.5	1760.30	10.8	10.6	21.030
753.3	1763.20	10.8	10.6	21.015
753.1	1765.20	10.8	10.6	20.994
752.9	1767.20	10.8	10.6	20.969
752.7	1769.20	10.7	10.5	20.938
752.5	1771.20	10.7	10.5	20.907
752.3	1773.20	10.8	10.6	20.881
752.1	1775.20	10.8	10.6	20.856
751.9	1777.20	10.9	10.7	20.825
751.7	1780.20	10.9	10.7	20.799
751.5	1782.20	10.9	10.7	20.773
751.3	1783.20	10.9	10.7	20.742
751.2	1786.20	10.9	10.7	20.717
751.0	1788.20	10.9	10.7	20.686
750.8	1790.20	10.9	10.7	20.655
750.6	1792.20	10.9	10.7	20.619
750.5	1793.20	10.8	10.7	20.583
750.3	1795.20	10.8	10.6	20.547
750.1	1796.20	10.8	10.6	20.511
750.0	1798.20	10.8	10.6	20.480
749.8	1800.20	10.8	10.6	20.439
749.7	1801.20	10.8	10.6	20.403
749.5	1803.20	10.8	10.6	20.362
749.4	1804.70	10.8	10.6	20.321
749.3	1806.20	10.8	10.6	20.279
749.2	1807.70	10.8	10.6	20.233
749.0	1809.20	10.8	10.6	20.187
748.9	1810.20	10.8	10.6	20.146
748.8	1811.20	10.8	10.6	20.104
748.7	1813.20	10.8	10.6	20.074
748.5	1814.20	10.7	10.5	20.048
748.4	1815.20	10.7	10.5	20.022
748.3	1816.70	10.7	10.5	19.996
748.2	1818.20	10.7	10.5	19.966
748.1	1819.70	10.7	10.5	19.935
748.0	1821.20	10.7	10.5	19.909
747.9	1822.20	10.7	10.5	19.883
747.8	1823.20	10.7	10.5	19.852
747.6	1824.20	10.6	10.4	19.832
747.5	1825.20	10.6	10.4	19.806
747.5	1826.20	10.6	10.4	19.791
747.4	1827.20	10.6	10.4	19.775
747.3	1828.20	10.7	10.5	19.760
747.2	1829.20	10.7	10.5	19.739
747.1	1830.20	10.7	10.5	19.713
747.0	1831.20	10.7	10.5	19.677
746.9	1832.20	10.7	10.5	19.647
746.8	1833.20	10.7	10.5	19.616
746.8	1834.20	10.7	10.5	19.595
746.7	1835.20	10.7	10.5	19.580
746.6	1836.20	10.7	10.5	19.564
746.5	1837.20	10.7	10.5	19.554
746.4	1838.20	10.7	10.5	19.549
746.3	1839.10	10.7	10.5	19.549
746.2	1840.10	10.7	10.5	19.549
746.1	1841.10	10.7	10.5	19.544
746.0	1842.10	10.6	10.4	19.539
745.9	1843.10	10.6	10.4	19.539
745.9	1844.10	10.6	10.4	19.533
745.8	1845.10	10.6	10.4	19.533
745.7	1846.10	10.6	10.4	19.533
745.6	1847.10	10.5	10.3	19.539
745.5	1848.60	10.5	10.3	19.544
745.4	1850.10	10.5	10.3	19.549
745.3	1851.10	10.5	10.3	19.549
745.2	1852.10	10.4	10.2	19.549
745.2	1853.10	10.4	10.2	19.554
745.1	1854.10	10.4	10.2	19.559
745.0	1855.10	10.3	10.1	19.564
744.9	1856.10	10.3	10.1	19.569
744.8	1857.60	10.3	10.1	19.575
744.7	1859.10	10.3	10.1	19.585
744.6	1860.10	10.3	10.1	19.595
744.5	1861.10	10.3	10.1	19.611
744.4	1862.10	10.3	10.1	19.626
744.3	1863.10	10.3	10.1	19.647
744.2	1865.10	10.3	10.1	19.662
744.0	1866.10	10.3	10.1	19.683
743.9	1867.10	10.3	10.1	19.708
743.8	1868.10	10.3	10.1	19.734
743.7	1869.10	10.3	10.1	19.765
743.6	1870.10	10.3	10.1	19.791
743.5	1871.10	10.3	10.1	19.816
743.4	1872.10	10.3	10.1	19.847
743.3	1873.10	10.3	10.1	19.873
743.2	1874.10	10.3	10.1	19.904
743.1	1875.10	10.3	10.2	19.930
743.0	1876.10	10.3	10.1	19.955
742.9	1877.10	10.3	10.1	19.981
742.8	1879.10	10.3	10.1	20.012
742.7	1880.10	10.3	10.2	20.032
742.5	1881.10	10.4	10.2	20.058
742.4	1882.10	10.4	10.2	20.079
742.3	1883.10	10.4	10.2	20.099
742.2	1884.10	10.4	10.2	20.120
742.1	1885.10	10.4	10.2	20.140
742.0	1886.10	10.4	10.2	20.161
741.9	1887.10	10.4	10.2	20.176
741.8	1888.20	10.4	10.2	20.197
741.7	1889.20	10.4	10.2	20.213
741.7	1890.20	10.5	10.3	20.228
741.6	1891.20	10.5	10.3	20.243
741.5	1892.20	10.5	10.3	20.259
741.4	1893.20	10.5	10.3	20.269
741.4	1894.20	10.5	10.3	20.279
741.3	1895.20	10.5	10.3	20.290
741.2	1896.20	10.5	10.3	20.300
741.1	1897.20	10.5	10.3	20.310
741.1	1898.20	10.5	10.3	20.321
741.0	1899.20	10.5	10.3	20.331
740.9	1900.20	10.5	10.3	20.341
740.8	1901.20	10.5	10.3	20.346
740.8	1902.20	10.4	10.2	20.357
740.7	1903.20	10.4	10.2	20.367
740.6	1904.20	10.4	10.2	20.372
740.6	1905.30	10.4	10.2	20.377
740.5	1906.30	10.4	10.2	20.387
740.4	1907.30	10.4	10.2	20.393
740.4	1908.30	10.4	10.2	20.398
740.3	1909.30	10.4	10.2	20.403
740.3	1910.30	10.4	10.2	20.408
740.2	1911.30	10.4	10.2	20.413
740.2	1912.30	10.4	10.2	20.418
740.2	1913.30	10.3	10.1	20.423
740.2	1914.30	10.3	10.2	20.429
740.1	1915.30	10.3	10.1	20.434
740.1	1916.30	10.3	10.1	20.439
740.2	1917.30	10.2	10.0	20.439
740.2	1918.30	10.2	10.0	20.444
740.2	1919.30	10.2	10.0	20.449
740.2	1920.30	10.2	10.0	20.454
740.2	1921.30	10.2	10.0	20.459
740.2	1922.40	10.2	10.0	20.465
740.3	1923.40	10.1	9.9	20.470
740.3	1924.40	10.1	9.9	20.475
740.3	1925.40	10.2	10.0	20.480
740.3	1926.40	10.2	10.0	20.485
740.4	1927.40	10.1	9.9	20.490
740.4	1928.40	10.2	10.0	20.495
740.4	1929.40	10.1	9.9	20.501
740.5	1930.40	10.1	9.9	20.511
740.5	1931.40	10.1	9.9	20.516
740.6	1932.40	10.1	9.9	20.521
740.6	1933.40	10.1	9.9	20.531
740.6	1934.40	10.1	9.9	20.537
740.7	1935.40	10.1	9.9	20.547
740.7	1936.40	10.1	9.9	20.552
740.8	1937.40	10.1	9.9	20.557
740.9	1938.40	10.1	9.9	20.567
740.9	1939.50	10.1	9.9	20.573
741.0	1940.50	10.2	10.0	20.583
741.0	1941.50	10.2	10.0	20.588
741.1	1942.50	10.2	10.0	20.598
741.1	1943.50	10.2	10.0	20.603
741.2	1944.50	10.2	10.0	20.614
741.2	1945.50	10.2	10.0	20.619
741.3	1946.50	10.2	10.1	20.629
741.3	1947.50	10.3	10.1	20.639
741.4	1948.50	10.3	10.1	20.645
741.4	1949.50	10.3	10.1	20.655
741.5	1950.50	10.3	10.1	20.660
741.6	1951.50	10.3	10.1	20.670
741.6	1952.50	10.3	10.1	20.681
741.7	1953.50	10.3	10.1	20.686
741.7	1954.50	10.3	10.1	20.696
741.8	1955.50	10.3	10.1	20.706
741.9	1956.60	10.3	10.1	20.712
741.9	1957.60	10.3	10.1	20.722
742.0	1958.60	10.3	10.1	20.732
742.1	1959.60	10.3	10.1	20.737
742.2	1960.60	10.3	10.1	20.748
742.3	1961.60	10.3	10.1	20.758
742.4	1962.60	10.3	10.1	20.768
742.5	1963.60	10.3	10.2	20.773
742.6	1964.60	10.3	10.2	20.784
742.6	1965.60	10.4	10.2	20.794
742.7	1966.60	10.3	10.2	20.804
742.8	1967.60	10.4	10.2	20.814
742.9	1968.60	10.4	10.2	20.820
743.0	1969.60	10.4	10.2	20.830
743.1	1970.60	10.4	10.2	20.840
743.1	1971.60	10.4	10.2	20.850
743.2	1972.70	10.4	10.2	20.861
743.3	1973.70	10.4	10.2	20.871
743.4	1974.70	10.4	10.2	20.881
743.4	1975.70	10.4	10.2	20.892
743.5	1976.70	10.4	10.2	20.902
743.6	1977.70	10.4	10.2	20.912
743.7	1978.70	10.4	10.2	20.917
743.8	1979.70	10.4	10.2	20.928
743.9	1980.70	10.4	10.2	20.938
744.0	1981.70	10.4	10.2	20.948
744.0	1982.70	10.4	10.2	20.958
744.1	1983.70	10.4	10.2	20.969
744.2	1984.70	10.4	10.2	20.979
744.3	1985.70	10.4	10.2	20.989
744.4	1986.70	10.4	10.2	21.005
744.5	1987.70	10.4	10.2	21.015
744.6	1988.70	10.5	10.3	21.025
744.7	1989.80	10.5	10.3	21.036
744.7	1990.80	10.5	10.3	21.046
744.8	1991.80	10.5	10.3	21.056
744.9	1992.80	10.5	10.3	21.066
745.0	1993.80	10.5	10.3	21.077
745.1	1994.80	10.5	10.3	21.087
745.2	1995.80	10.5	10.3	21.097
745.2	1996.80	10.5	10.3	21.113
745.3	1997.80	10.5	10.2	21.123
745.4	1998.80	10.5	10.2	21.133
745.4	1999.80	10.5	10.2	21.144
745.5	2000.80	10.5	10.2	21.154
745.6	2001.80	10.5	10.2	21.169
745.6	2002.80	10.5	10.2	21.180
745.7	2003.80	10.5	10.2	21.190
745.8	2004.80	10.5	10.2	21.200
745.8	2005.80	10.6	10.2	21.216
745.9	2006.90	10.6	10.2	21.226
746.0	2007.90	10.5	10.2	21.236
746.0	2008.90	10.6	10.2	21.247
746.1	2009.90	10.6	10.2	21.262
746.2	2010.90	10.6	10.2	21.272
746.2	2011.90	10.6	10.1	21.283
746.3	2012.90	10.6	10.2	21.298
746.3	2013.90	10.6	10.1	21.308
746.4	2014.90	10.6	10.2	21.324
746.4	2015.90	10.6	10.1	21.334
746.5	2016.90	10.6	10.2	21.344
746.6	2017.90	10.6	10.1	21.360
746.6	2018.90	10.6	10.1	21.370
746.7	2019.90	10.6	10.1	21.385
746.7	2020.90	10.7	10.1	21.396
746.8	2021.90	10.7	10.1	21.406
746.8	2022.90	10.7	10.1	21.421
746.9	2024.00	10.7	10.1	21.432
746.9	2025.00	10.7	10.1	21.447
747.0	2026.00	10.7	10.1	21.457
747.0	2027.00	10.7	10.1	21.473
747.1	2028.00	10.7	10.1	21.483
747.1	2029.00	10.7	10.2	21.499
747.1	2030.00	10.7	10.1	21.509
747.2	2031.00	10.7	10.1	21.524
747.2	2032.00	10.7	10.1	21.540
747.3	2033.00	10.7	10.1	21.550
747.3	2034.00	10.8	10.1	21.565
747.3	2035.00	10.8	10.1	21.576
747.3	2036.00	10.8	10.2	21.591
747.3	2037.00	10.8	10.2	21.602
747.3	2038.00	10.8	10.1	21.617
747.3	2039.00	10.8	10.1	21.632
747.3	2040.00	10.8	10.0	21.643
747.3	2041.10	10.8	10.0	21.658
747.3	2042.10	10.8	10.0	21.674
747.2	2043.10	10.8	10.1	21.684
747.2	2044.10	10.8	10.0	21.699
747.2	2045.10	10.8	10.0	21.715
747.1	2046.10	10.8	10.0	21.725
747.1	2047.10	10.8	10.0	21.740
747.0	2048.10	10.8	9.9	21.756
747.0	2049.10	10.8	9.9	21.771
746.9	2050.10	10.8	9.9	21.782
746.9	2051.10	10.8	9.9	21.797
746.8	2052.10	10.8	9.8	21.812
746.7	2053.10	10.8	9.8	21.828
746.7	2054.10	10.8	9.8	21.843
746.6	2055.10	10.8	9.8	21.854
746.5	2056.10	10.8	9.7	21.869
746.4	2057.10	10.8	9.7	21.884
746.3	2058.20	10.8	9.8	21.900
746.2	2059.20	10.8	9.7	21.915
746.1	2060.20	10.8	9.7	21.931
746.0	2061.20	10.8	9.6	21.941
745.9	2062.20	10.8	9.7	21.956
745.8	2063.20	10.8	9.7	21.972
745.7	2064.20	10.8	9.6	21.987
745.5	2065.20	10.8	9.6	22.003
745.4	2066.20	10.8	9.6	22.018
745.3	2067.20	10.8	9.7	22.034
745.1	2068.20	10.8	9.6	22.049
745.0	2069.20	10.8	9.5	22.065
744.8	2070.20	10.8	9.5	22.080
744.7	2071.20	10.8	9.6	22.095
744.5	2072.20	10.8	9.5	22.111
744.4	2073.20	10.8	9.5	22.126
744.2	2074.30	10.8	9.5	22.142
744.0	2075.30	10.8	9.5	22.157
743.9	2076.30	10.8	9.4	22.173
743.7	2077.30	10.8	9.5	22.188
743.6	2078.30	10.8	9.4	22.203
743.4	2079.30	10.8	9.4	22.219
743.3	2080.30	10.8	9.4	22.234
743.1	2081.30	10.8	9.3	22.250
743.0	2082.30	10.8	9.4	22.265
742.8	2083.30	10.8	9.4	22.281
742.6	2084.30	10.8	9.4	22.296
742.5	2085.30	10.8	9.3	22.311
742.3	2086.30	10.8	9.3	22.327
742.1	2087.30	10.7	9.3	22.347
741.9	2088.30	10.7	9.2	22.363
741.7	2089.30	10.7	9.2	22.378
741.6	2090.30	10.7	9.2	22.394
741.4	2091.40	10.7	9.2	22.409
741.1	2092.40	10.7	9.1	22.425
740.9	2093.40	10.7	9.1	22.445
740.7	2094.40	10.7	9.1	22.461
740.5	2095.40	10.7	9.0	22.476
740.3	2096.40	10.7	9.0	22.491
740.1	2097.40	10.7	9.0	22.507
739.8	2098.40	10.6	9.0	22.528
739.6	2099.40	10.6	9.0	22.543
739.4	2100.40	10.6	8.9	22.558
739.1	2101.40	10.6	8.9	22.574
738.9	2102.40	10.6	8.9	22.594
738.7	2103.40	10.6	8.9	22.610
738.4	2104.40	10.6	9.0	22.625
738.2	2105.40	10.6	8.9	22.646
737.9	2106.40	10.6	8.9	22.661
737.7	2107.40	10.6	8.8	22.677
737.4	2108.50	10.6	8.8	22.692
737.2	2109.50	10.5	8.8	22.713
736.9	2110.50	10.5	8.7	22.728
736.6	2111.50	10.5	8.7	22.749
736.3	2112.50	10.5	8.7	22.764
736.0	2113.50	10.5	8.7	22.780
735.7	2114.50	10.5	8.6	22.800
735.4	2115.50	10.4	8.6	22.816
735.1	2116.50	10.4	8.5	22.831
734.8	2117.50	10.4	8.5	22.852
734.4	2118.50	10.4	8.5	22.867
734.1	2119.50	10.4	8.6	22.888
733.7	2120.50	10.4	8.5	22.903
733.4	2121.50	10.3	8.4	22.924
733.0	2122.50	10.3	8.4	22.939
732.7	2123.50	10.3	8.4	22.960
732.3	2124.50	10.3	8.4	22.975
731.9	2125.60	10.3	8.4	22.991
731.5	2126.60	10.3	8.4	23.011
731.1	2127.60	10.2	8.4	23.027
730.7	2128.60	10.2	8.4	23.047
730.4	2129.60	10.2	8.4	23.068
730.0	2130.60	10.2	8.3	23.083
729.6	2131.60	10.1	8.3	23.104
729.2	2132.60	10.1	8.3	23.119
728.8	2133.60	10.1	8.3	23.140
728.4	2134.60	10.1	8.3	23.155
728.0	2135.60	10.1	8.4	23.176
727.6	2136.60	10.0	8.3	23.191
727.2	2137.60	10.0	8.3	23.212
726.8	2138.60	10.0	8.3	23.222
726.4	2139.60	10.0	8.3	23.227
726.0	2140.60	9.9	8.3	23.222
725.5	2141.60	9.9	8.2	23.212
725.1	2142.70	9.9	8.2	23.201
724.6	2143.70	9.9	8.2	23.191
724.2	2144.70	9.8	8.2	23.181
723.7	2145.70	9.8	8.2	23.176
723.3	2146.70	9.8	8.2	23.171
722.8	2147.70	9.8	8.2	23.165
722.3	2148.70	9.7	8.2	23.145
721.8	2149.70	9.7	8.1	23.119
721.3	2150.70	9.7	8.2	23.083
720.8	2151.70	9.7	8.2	23.042
720.3	2152.70	9.6	8.2	23.011
719.8	2153.70	9.6	8.2	23.001
719.3	2159.70	9.5	8.2	23.001
718.8	2165.70	9.5	8.2	23.016
718.3	2171.70	9.5	8.2	23.032
717.8	2177.70	9.4	8.2	23.042
717.3	2184.20	9.4	8.2	23.047
716.7	2190.70	9.3	8.2	23.032
716.2	2197.20	9.3	8.2	23.011
715.6	2203.70	9.3	8.2	22.980
715.1	2210.60	9.2	8.2	22.944
714.5	2217.60	9.2	8.2	22.924
713.9	2225.60	9.2	8.2	22.924
713.2	2233.60	9.1	8.2	22.954
712.6	2241.60	9.1	8.3	23.001
712.0	2249.60	9.1	8.3	23.052
711.3	2257.60	9.0	8.3	23.104
710.6	2266.60	9.0	8.3	23.140
710.0	2272.60	8.9	8.3	23.165
709.3	2280.50	8.9	8.3	23.176
708.6	2288.50	8.8	8.3	23.196
708.0	2297.50	8.8	8.3	23.227
707.3	2305.50	8.8	8.3	23.289
706.6	2312.50	8.8	8.3	23.376
705.9	2319.50	8.7	8.3	23.505
705.3	2326.50	8.7	8.2	23.659
704.6	2335.50	8.7	8.2	23.824
703.9	2343.90	8.6	8.3	23.978
703.2	2352.40	8.6	8.2	24.117
702.5	2360.90	8.5	8.3	24.225
701.8	2369.40	8.5	8.2	24.318
701.0	2378.40	8.4	8.1	24.405
700.3	2387.40	8.4	8.2	24.508
699.5	2396.90	8.3	8.1	24.626
698.8	2406.40	8.3	8.1	24.776
698.1	2416.30	8.2	8.1	24.940
697.3	2426.30	8.2	8.0	25.100
696.6	2434.80	8.2	8.0	25.244
695.8	2443.30	8.2	8.0	25.357
695.1	2450.30	8.1	7.9	25.439
694.4	2457.30	8.0	7.8	25.496
693.6	2466.30	7.9	7.6	25.532
692.9	2475.30	7.8	7.5	25.547
692.2	2483.20	7.8	7.5	25.547
691.5	2490.20	7.7	7.5	25.532
690.7	2499.20	7.7	7.5	25.506
690.0	2509.20	7.7	7.5	25.475
689.3	2519.20	7.6	7.4	25.434
688.6	2528.20	7.5	7.3	25.388
687.9	2536.20	7.5	7.3	25.321
687.2	2544.10	7.5	7.3	25.233
686.4	2552.10	7.5	7.2	25.136
685.7	2561.10	7.4	7.2	25.028
685.0	2569.10	7.4	7.2	24.904
684.3	2577.10	7.3	7.1	24.781
683.6	2586.10	7.3	7.1	24.657
682.9	2594.10	7.2	7.0	24.534
682.2	2602.10	7.2	7.0	24.421
681.6	2611.00	7.2	7.0	24.323
680.9	2619.00	7.1	6.9	24.235
680.2	2626.00	7.1	6.9	24.163
679.5	2634.00	7.1	6.9	24.102
678.8	2643.00	7.0	6.8	24.045
678.2	2651.00	7.0	6.8	23.989
677.5	2660.00	6.9	6.7	23.922
676.9	2668.00	6.9	6.7	23.844
676.3	2674.90	6.9	6.7	23.762
675.7	2681.90	6.8	6.6	23.680
675.1	2688.90	6.8	6.6	23.603
674.5	2694.90	6.8	6.6	23.526
673.9	2701.90	6.7	6.5	23.464
673.3	2707.90	6.7	6.5	23.412
672.8	2713.90	6.7	6.5	23.366
672.2	2720.90	6.6	6.4	23.330
671.7	2727.90	6.6	6.4	23.284
671.1	2733.80	6.5	6.3	23.232
670.6	2739.80	6.5	6.3	23.155
670.1	2746.30	6.5	6.3	23.078
669.6	2752.80	6.4	6.2	23.001
669.0	2759.30	6.4	6.2	22.949
668.5	2765.80	6.4	6.2	22.929
668.0	2771.30	6.4	6.2	22.939
667.5	2776.80	6.4	6.2	22.980
666.9	2783.80	6.4	6.2	23.032
666.4	2790.80	6.4	6.2	23.078
665.9	2797.20	6.3	6.1	23.099
665.3	2803.70	6.3	6.1	23.099
664.8	2810.70	6.2	6.0	23.088
664.2	2817.70	6.2	6.0	23.078
663.7	2824.70	6.1	5.9	23.078
663.1	2831.70	6.2	6.0	23.093
662.6	2838.70	6.2	6.0	23.124
662.0	2845.70	6.1	5.9	23.165
661.5	2851.70	6.2	6.0	23.212
661.0	2857.60	6.1	5.9	23.243
660.5	2863.60	6.1	5.9	23.248
660.0	2869.10	6.0	5.8	23.222
659.5	2874.60	6.0	5.8	23.160
659.0	2880.60	5.9	5.7	23.088
658.5	2886.60	5.9	5.7	23.006
658.0	2891.60	5.7	5.5	22.934
657.6	2896.60	5.6	5.4	22.877
657.2	2901.60	5.6	5.4	22.831
656.7	2906.60	5.5	5.2	22.780
656.3	2912.60	5.4	5.2	22.718
656.0	2918.50	5.3	5.1	22.641
655.6	2918.51	5.3	5.1	22.538
655.2	2918.52	5.3	5.1	22.409
654.9	2918.53	5.3	5.1	22.265
654.6	2922.50	5.2	5.0	22.111
654.2	2925.50	5.2	5.0	21.956
653.9	2928.50	5.3	5.1	21.807
653.6	2932.50	5.3	5.1	21.658
653.3	2936.50	5.2	5.0	21.509
652.9	2939.50	5.2	5.0	21.360
652.6	2941.00	5.1	4.9	21.200
652.2	2942.50	5.1	4.9	21.041
651.8	2948.50	5.1	4.9	20.897
651.4	2954.50	5.1	4.9	20.763
651.1	2961.50	5.1	4.9	20.650
650.7	2966.50	5.1	4.9	20.557
650.3	2971.50	5.0	4.8	20.475
650.0	2978.00	5.1	4.9	20.387
649.6	2984.40	5.1	4.9	20.305
649.3	2990.40	5.1	4.9	20.218
648.9	2992.90	5.1	4.9	20.140
648.6	2995.40	5.1	4.9	20.089
648.3	2997.40	4.9	4.7	20.063
648.0	3000.40	4.9	4.7	20.063
647.7	3003.40	4.6	4.4	20.079
647.4	3007.40	4.4	4.1	20.115
647.1	3011.40	4.3	3.8	20.135
646.7	3015.40	4.2	3.7	20.146
646.4	3024.40	4.1	3.4	20.140
646.1	3028.40	4.1	3.3	20.130
645.8	3029.90	4.1	3.4	20.120
645.5	3031.40	4.1	3.6	20.125
645.2	3035.40	4.1	3.6	20.146
644.9	3039.30	4.1	3.6	20.176
644.6	3043.30	4.1	3.7	20.207
644.3	3047.30	4.0	3.5	20.228
644.0	3051.30	3.9	3.3	20.238
643.7	3057.30	3.9	3.2	20.249
643.3	3063.30	3.8	3.0	20.274
643.0	3067.10	3.9	3.1	20.305
642.7	3070.80	3.9	3.3	20.341
642.3	3074.50	3.9	3.4	20.377
641.9	3078.30	3.9	3.5	20.403
641.5	3082.80	3.8	3.5	20.429
641.1	3087.30	3.8	3.4	20.449
640.7	3093.30	3.7	3.2	20.470
640.3	3099.20	3.6	2.9	20.506
639.8	3106.20	3.6	2.9	20.552
639.3	3113.20	3.5	2.8	20.624
638.8	3117.90	3.7	3.2	20.717
638.3	3122.50	3.9	3.7	20.830
637.8	3127.20	4.0	3.8	20.933
637.3	3134.20	4.0	3.8	21.010
636.8	3141.20	4.0	3.8	21.056
636.4	3148.20	3.9	3.7	21.087
635.9	3156.10	3.9	3.7	21.108
635.5	3163.10	4.0	3.8	21.149
635.1	3169.10	4.0	3.8	21.211
634.7	3177.10	4.0	3.8	21.288
634.3	3180.10	4.0	3.8	21.370
634.0	3181.60	4.1	3.9	21.437
633.7	3183.10	4.0	3.8	21.473
633.4	3186.10	4.0	3.8	21.473
633.1	3190.10	4.0	3.8	21.432
632.8	3194.60	4.0	3.8	21.344
632.5	3199.10	4.1	3.9	21.231
632.2	3204.10	4.1	3.9	21.113
631.9	3209.10	4.0	3.8	20.994
631.6	3217.00	4.0	3.8	20.886
631.3	3220.00	4.0	3.8	20.789
631.1	3221.50	4.0	3.8	20.706
630.8	3223.00	3.7	3.5	20.619
630.5	3226.00	3.5	3.3	20.511
630.3	3228.00	3.5	3.2	20.377
630.0	3231.00	3.7	3.5	20.223
629.7	3234.00	3.8	3.6	20.058
629.4	3238.00	3.6	3.4	19.904
629.1	3241.00	3.3	3.0	19.765
628.8	3251.00	3.1	2.3	19.641
628.5	3255.00	2.8	2.4	19.544
628.1	3257.00	2.5	1.7	19.467
627.8	3259.00	2.5	1.5	19.405
627.5	3264.00	2.8	2.5	19.353
627.1	3269.90	3.0	2.8	19.302
626.8	3273.90	3.1	2.9	19.245
626.5	3278.90	3.0	2.8	19.184
626.2	3282.90	3.0	2.8	19.112
625.9	3286.90	3.1	2.9	19.050
625.6	3296.90	2.9	2.1	18.998
625.3	3299.90	2.6	1.6	18.952
625.0	3301.90	2.4	2.1	18.906
624.7	3303.90	2.5	2.1	18.854
624.5	3305.90	2.3	1.0	18.798
624.2	3309.90	2.2	1.2	18.741
623.9	3312.90	1.9	0.4	18.690
623.7	3315.40	1.7	-0.2	18.649
623.4	3317.90	1.5	-0.9	18.628
623.1	3320.90	1.4	-1.0	18.618
622.9	3328.80	1.4	-0.9	18.613
622.6	3332.80	1.6	-0.2	18.597
622.3	3333.80	1.9	0.8	18.571
622.0	3334.80	2.1	1.7	18.541
621.7	3338.80	2.1	1.8	18.510
621.4	3342.80	2.1	1.9	18.489
621.1	3347.80	2.1	1.9	18.499
620.8	3352.80	2.1	1.9	18.541
620.5	3357.30	2.1	1.9	18.613
620.2	3361.80	2.1	1.9	18.705
619.9	3367.80	2.1	1.9	18.798
619.6	3373.80	2.1	1.9	18.885
619.4	3374.80	2.0	1.8	18.947
619.1	3375.80	2.0	1.8	18.988
618.9	3377.80	1.9	1.8	19.009
618.6	3379.80	1.9	1.7	19.034
618.4	3383.70	1.9	1.7	19.070
618.1	3387.70	1.9	1.7	19.122
617.9	3391.70	1.9	1.7	19.178
617.6	3394.70	1.9	1.7	19.230
617.4	3399.70	1.9	1.7	19.266
617.2	3404.70	1.9	1.7	19.271
616.9	3406.70	1.9	1.7	19.261
616.7	3408.70	1.9	1.7	19.230
616.5	3410.70	1.9	1.7	19.189
616.3	3411.70	1.8	1.6	19.148
616.1	3414.70	1.8	1.6	19.117
615.9	3416.70	1.7	1.5	19.096
615.7	3419.70	1.6	1.4	19.076
615.5	3424.20	1.6	1.4	19.060
615.3	3428.70	1.5	1.3	19.034
615.1	3429.70	1.5	1.3	19.004
614.9	3430.70	1.4	1.2	18.957
614.8	3433.20	1.4	1.2	18.906
614.6	3435.70	1.4	1.2	18.839
614.4	3438.10	1.4	1.2	18.767
614.2	3440.60	1.4	1.2	18.690
614.1	3442.60	1.4	1.2	18.597
613.9	3444.60	1.2	0.9	18.494
613.7	3447.60	1.1	0.5	18.371
613.5	3450.60	1.1	0.2	18.237
613.3	3452.10	0.9	-0.4	18.098
613.1	3453.60	0.8	-0.8	17.964
612.8	3457.10	0.7	-0.9	17.851
612.6	3460.60	0.9	-0.0	17.764
612.3	3464.60	1.1	0.9	17.692
612.0	3468.60	1.2	1.1	17.635
611.7	3472.60	1.3	1.1	17.584
611.5	3476.60	1.6	1.4	17.537
611.2	3480.60	1.6	1.4	17.486
610.9	3489.60	1.5	1.3	17.445
610.6	3493.50	1.2	1.0	17.414
610.4	3495.00	0.9	0.7	17.404
610.1	3496.50	0.9	0.4	17.414
609.9	3499.50	1.0	0.8	17.440
609.6	3502.50	1.2	1.0	17.471
609.4	3506.50	1.2	1.0	17.507
609.2	3510.50	1.1	0.9	17.543
609.0	3513.50	1.0	0.8	17.553
608.8	3515.50	1.0	0.8	17.548
608.6	3520.50	1.0	0.8	17.522
608.4	3523.50	0.9	0.7	17.486
608.1	3524.50	0.9	0.7	17.450
607.9	3525.50	0.8	0.6	17.440
607.7	3528.50	0.8	0.6	17.445
607.5	3531.50	0.8	0.6	17.471
607.3	3535.00	0.7	0.4	17.507
607.1	3538.50	0.6	0.3	17.537
606.9	3543.00	0.6	0.3	17.563
606.6	3547.40	0.6	0.3	17.579
606.4	3548.40	0.6	0.3	17.599
606.2	3549.40	0.6	0.2	17.620
606.0	3551.60	0.5	0.2	17.656
605.8	3553.80	0.5	0.1	17.702
605.6	3556.00	0.4	0.0	17.748
605.4	3558.20	0.4	-0.0	17.805
605.2	3560.40	0.4	-0.1	17.861
605.0	3563.90	0.4	-0.0	17.908
604.7	3567.40	0.4	0.0	17.954
604.5	3571.90	0.4	0.2	17.995
604.3	3576.40	0.5	0.3	18.026
604.0	3579.10	0.5	0.3	18.057
603.8	3581.90	0.5	0.3	18.078
603.5	3584.60	0.5	0.3	18.114
603.3	3587.40	0.4	0.2	18.165
603.0	3590.90	0.4	0.2	18.216
602.8	3594.40	0.3	0.1	18.268
602.5	3598.90	0.3	0.1	18.304
602.3	3603.30	0.3	0.1	18.319
602.0	3605.30	0.4	0.2	18.330
601.7	3610.30	0.4	0.2	18.324
601.5	3613.30	0.3	0.1	18.314
601.2	3614.70	0.3	0.1	18.309
601.0	3616.00	0.3	0.1	18.299
600.7	3617.30	0.2	0.0	18.299
600.4	3621.30	0.1	-0.1	18.309
600.1	3625.30	0.1	-0.1	18.335
599.8	3629.30	0.1	-0.1	18.376
599.5	3633.30	0.1	-0.1	18.422
599.2	3637.30	0.1	-0.1	18.463
598.8	3644.80	-0.1	-0.3	18.499
598.5	3652.30	-0.1	-0.2	18.525
598.1	3655.20	0.0	-0.2	18.546
597.8	3658.20	0.1	-0.1	18.566
597.4	3662.70	0.1	-0.2	18.602
597.1	3667.20	0.0	-0.2	18.659
596.7	3671.20	-0.1	-0.3	18.736
596.3	3675.20	-0.1	-0.3	18.834
596.0	3680.20	-0.2	-0.4	18.942
595.6	3686.20	0.0	-0.2	19.050
595.3	3694.20	-0.1	-0.2	19.137
594.9	3702.20	-0.3	-0.5	19.199
594.6	3704.70	-0.6	-1.1	19.235
594.2	3707.10	-0.7	-1.6	19.266
593.9	3712.10	-0.9	-2.4	19.302
593.6	3716.10	-1.1	-3.1	19.343
593.3	3720.50	-1.1	-3.0	19.405
592.9	3724.80	-1.2	-2.9	19.487
592.7	3729.10	-1.3	-3.1	19.575
592.4	3733.10	-1.4	-3.6	19.662
592.1	3740.10	-1.3	-3.2	19.734
591.8	3744.10	-1.2	-2.8	19.780
591.5	3745.60	-1.2	-2.9	19.801
591.3	3747.10	-1.2	-2.9	19.791
591.0	3751.10	-1.1	-2.5	19.765
590.7	3754.10	-1.1	-2.3	19.744
590.4	3758.10	-1.1	-2.4	19.734
590.1	3761.00	-1.1	-2.4	19.739
589.9	3765.00	-1.1	-2.3	19.760
589.6	3768.00	-1.1	-2.1	19.791
589.3	3777.00	-1.1	-1.9	19.827
589.0	3781.00	-1.1	-2.2	19.858
588.7	3782.50	-1.1	-2.0	19.873
588.3	3784.00	-1.1	-2.0	19.868
588.0	3788.00	-1.2	-2.0	19.852
587.7	3792.00	-1.2	-2.0	19.827
587.3	3797.00	-1.3	-2.4	19.806
587.0	3802.00	-1.4	-2.9	19.806
586.6	3805.50	-1.5	-3.0	19.832
586.3	3809.00	-1.5	-3.1	19.868
585.9	3817.40	-1.7	-3.7	19.909
585.5	3825.90	-1.8	-4.4	19.935
585.1	3828.90	-1.9	-4.7	19.935
584.8	3831.90	-2.0	-5.0	19.919
584.4	3836.40	-2.0	-5.1	19.894
584.0	3840.90	-2.1	-5.1	19.868
583.6	3846.90	-2.1	-5.3	19.852
583.2	3852.90	-2.2	-5.4	19.858
582.8	3858.40	-2.3	-5.7	19.878
582.5	3863.80	-2.4	-6.0	19.909
582.1	3871.30	-2.5	-6.2	19.940
581.7	3878.80	-2.5	-6.3	19.966
581.3	3880.80	-2.6	-6.4	19.986
580.9	3882.80	-2.6	-6.5	20.007
580.5	3887.80	-2.7	-6.8	20.027
580.2	3893.80	-2.7	-6.5	20.043
579.8	3899.80	-2.7	-6.2	20.074
579.4	3906.80	-2.8	-6.3	20.104
579.0	3910.80	-2.9	-7.0	20.130
578.6	3915.70	-2.9	-6.8	20.146
578.2	3926.70	-2.9	-6.5	20.151
577.8	3931.70	-2.9	-6.8	20.156
577.4	3935.70	-3.0	-6.9	20.156
577.0	3939.70	-3.0	-7.0	20.156
576.6	3943.70	-3.0	-7.0	20.146
576.2	3948.70	-3.0	-7.0	20.130
575.8	3953.70	-3.0	-7.1	20.104
575.4	3958.70	-3.0	-7.1	20.058
575.0	3963.60	-3.1	-7.1	19.991
574.6	3972.60	-3.1	-7.1	19.899
574.2	3981.60	-3.1	-7.1	19.791
573.7	3985.10	-3.2	-7.0	19.677
573.3	3988.60	-3.2	-7.1	19.569
572.8	3994.10	-3.2	-7.0	19.456
572.4	3999.60	-3.2	-7.0	19.338
572.0	4005.60	-3.3	-6.9	19.204
571.5	4011.60	-3.4	-7.2	19.050
571.1	4017.50	-3.4	-7.0	18.896
570.7	4024.50	-3.4	-6.9	18.746
570.3	4031.50	-3.6	-7.3	18.618
569.9	4043.50	-3.7	-7.7	18.515
569.4	4049.50	-3.7	-7.9	18.433
569.0	4052.50	-3.7	-7.8	18.366
568.6	4055.50	-3.7	-7.5	18.299
568.2	4060.50	-3.8	-7.6	18.227
567.8	4065.40	-3.8	-7.7	18.150
567.4	4070.40	-3.7	-7.4	18.067
567.0	4076.40	-3.7	-7.2	17.995
566.6	4083.40	-3.7	-7.2	17.939
566.2	4089.40	-3.7	-7.3	17.918
565.7	4101.40	-3.8	-7.4	17.913
565.3	4107.40	-3.8	-7.5	17.928
564.8	4110.90	-3.8	-7.5	17.939
564.4	4114.30	-3.8	-7.5	17.928
563.9	4120.30	-3.8	-7.5	17.898
563.5	4128.30	-3.9	-7.6	17.856
563.0	4135.30	-4.0	-7.9	17.820
562.5	4142.30	-4.0	-8.0	17.805
562.1	4148.30	-4.1	-8.2	17.820
561.6	4154.30	-4.1	-8.3	17.861
561.2	4167.20	-4.1	-8.2	17.923
560.7	4174.20	-4.1	-8.2	17.980
560.3	4177.70	-4.1	-8.1	18.031
559.8	4181.20	-4.1	-7.9	18.067
559.4	4188.20	-4.0	-7.7	18.093
558.9	4194.20	-4.0	-7.6	18.114
558.5	4200.20	-4.0	-7.5	18.134
558.0	4206.70	-3.9	-7.3	18.170
557.6	4213.10	-3.9	-7.1	18.211
557.1	4222.10	-4.1	-7.4	18.258
556.7	4231.10	-4.4	-7.7	18.304
556.2	4236.10	-4.5	-7.7	18.345
555.8	4241.10	-4.5	-7.6	18.381
555.3	4246.10	-4.6	-7.6	18.412
554.9	4251.10	-4.6	-7.7	18.438
554.4	4257.60	-4.6	-7.6	18.469
553.9	4264.00	-4.7	-7.6	18.505
553.5	4271.00	-4.7	-7.6	18.541
553.0	4278.00	-4.8	-7.7	18.571
552.5	4288.00	-4.8	-7.7	18.582
552.0	4298.00	-4.8	-7.6	18.577
551.6	4305.00	-4.9	-7.7	18.561
551.1	4308.40	-5.0	-7.8	18.551
550.6	4311.90	-5.0	-7.8	18.541
550.1	4319.90	-5.0	-7.6	18.546
549.7	4326.90	-5.1	-7.7	18.551
549.2	4333.90	-5.1	-7.7	18.546
548.7	4338.90	-5.1	-7.8	18.541
548.2	4344.90	-5.2	-7.8	18.530
547.7	4351.90	-5.0	-7.6	18.525
547.2	4362.80	-4.9	-7.4	18.541
546.7	4373.80	-4.9	-7.4	18.571
546.2	4377.30	-5.0	-7.4	18.613
545.7	4380.80	-5.1	-7.5	18.649
545.2	4387.80	-5.2	-7.6	18.674
544.7	4394.80	-5.3	-7.7	18.679
544.2	4403.20	-5.4	-7.7	18.669
543.7	4411.70	-5.5	-7.9	18.654
543.2	4419.20	-5.6	-8.0	18.638
542.7	4426.70	-5.5	-7.8	18.633
542.2	4437.20	-5.4	-7.8	18.638
541.7	4447.70	-5.6	-7.9	18.654
541.2	4450.60	-5.7	-8.0	18.659
540.7	4453.60	-5.7	-8.1	18.649
540.2	4460.10	-5.8	-8.4	18.618
539.7	4466.60	-5.9	-8.6	18.566
539.2	4474.60	-5.9	-8.6	18.505
538.7	4481.60	-5.9	-8.5	18.443
538.2	4488.60	-6.0	-8.7	18.391
537.7	4496.50	-6.0	-8.6	18.366
537.2	4510.50	-6.0	-8.6	18.361
536.7	4518.50	-6.1	-8.9	18.381
536.2	4522.50	-6.2	-9.3	18.407
535.6	4526.50	-6.2	-9.5	18.427
535.1	4534.50	-6.2	-9.3	18.427
534.6	4542.40	-6.3	-9.5	18.402
534.0	4549.40	-6.4	-9.5	18.371
533.5	4557.40	-6.4	-9.7	18.345
533.0	4566.40	-6.5	-9.8	18.345
532.4	4574.40	-6.5	-9.9	18.355
531.9	4591.30	-6.6	-10.0	18.381
531.3	4600.30	-6.7	-10.0	18.407
530.8	4604.30	-6.7	-10.0	18.433
530.3	4608.30	-6.7	-10.0	18.463
529.7	4616.30	-6.8	-10.0	18.494
529.2	4624.30	-6.8	-10.0	18.520
528.7	4633.30	-6.8	-9.9	18.535
528.2	4641.20	-6.9	-9.8	18.546
527.7	4647.20	-6.9	-9.8	18.551
527.2	4652.20	-6.9	-9.8	18.566
526.7	4666.20	-7.0	-10.0	18.592
526.2	4674.20	-7.1	-10.3	18.633
525.8	4677.70	-7.1	-10.4	18.690
525.3	4681.10	-7.2	-10.3	18.746
524.8	4688.60	-7.2	-10.5	18.782
524.3	4696.10	-7.3	-10.6	18.798
523.8	4703.60	-7.3	-10.5	18.793
523.3	4711.10	-7.3	-10.4	18.777
522.9	4717.60	-7.3	-10.4	18.762
522.4	4724.10	-7.4	-10.4	18.746
521.9	4735.00	-7.5	-10.5	18.762
521.5	4746.00	-7.5	-10.6	18.798
521.0	4749.50	-7.6	-10.7	18.854
520.5	4753.00	-7.7	-10.9	18.926
520.1	4760.00	-7.4	-10.4	19.009
519.6	4767.00	-7.1	-10.0	19.086
519.1	4773.90	-6.8	-9.6	19.158
518.7	4780.90	-6.5	-9.2	19.214
518.2	4788.90	-6.2	-8.9	19.266
517.7	4796.90	-5.9	-8.5	19.333
517.3	4810.90	-5.6	-8.3	19.410
516.8	4817.80	-5.3	-8.0	19.508
516.4	4821.30	-5.0	-7.7	19.621
515.9	4824.80	-5.2	-7.8	19.744
515.5	4832.80	-5.4	-8.0	19.858
515.0	4839.80	-5.6	-8.3	19.940
514.6	4845.80	-5.9	-8.6	19.986
514.2	4850.80	-6.0	-8.5	19.986
513.8	4857.80	-6.0	-8.6	19.960
513.3	4866.70	-6.1	-8.8	19.909
512.9	4875.70	-6.4	-9.1	19.863
512.5	4879.20	-6.7	-9.3	19.816
512.1	4882.70	-7.0	-9.6	19.791
511.7	4889.20	-7.3	-10.0	19.770
511.3	4895.70	-7.6	-10.1	19.755
511.0	4901.70	-7.9	-10.4	19.744
510.6	4907.60	-8.2	-10.8	19.729
510.2	4912.60	-8.5	-11.2	19.703
509.8	4917.60	-8.5	-11.2	19.662
509.4	4926.60	-8.4	-11.1	19.605
509.1	4935.60	-8.3	-10.9	19.549
508.7	4938.10	-8.0	-10.6	19.497
508.4	4940.60	-8.2	-10.5	19.456
508.1	4946.00	-8.4	-10.6	19.425
507.8	4951.50	-8.4	-10.5	19.389
507.5	4956.50	-8.3	-10.4	19.338
507.2	4960.50	-8.3	-10.3	19.266
506.9	4963.50	-8.4	-10.3	19.168
506.6	4968.50	-8.4	-10.4	19.055
506.3	4972.50	-8.4	-10.4	18.942
506.1	4979.50	-8.4	-10.3	18.834
505.8	4984.50	-8.5	-10.3	18.741
505.6	4986.80	-8.5	-10.4	18.669
505.3	4989.10	-8.5	-10.4	18.613
505.0	4991.40	-8.5	-10.3	18.582
504.8	4995.40	-8.6	-10.4	18.566
504.5	4999.40	-8.6	-10.4	18.566
504.3	5002.40	-8.6	-10.4	18.582
504.0	5005.40	-8.6	-10.3	18.618
503.7	5009.40	-8.6	-10.4	18.674
503.4	5019.40	-8.7	-10.4	18.751
503.2	5023.40	-8.7	-10.4	18.854
502.9	5026.40	-8.8	-10.4	18.983
502.5	5029.40	-8.8	-10.4	19.127
502.2	5034.30	-8.8	-10.4	19.281
501.9	5038.30	-8.8	-10.4	19.436
501.6	5042.30	-8.8	-10.4	19.585
501.3	5048.30	-8.9	-10.4	19.729
501.1	5053.30	-8.9	-10.4	19.873
500.8	5057.30	-8.9	-10.4	20.007
500.5	5065.30	-9.0	-10.4	20.130
500.2	5068.00	-9.0	-10.4	20.233
500.0	5070.80	-9.0	-10.5	20.326
499.7	5073.50	-9.0	-10.5	20.393
499.5	5076.20	-9.1	-10.5	20.444
499.2	5079.70	-9.1	-10.5	20.480
499.0	5083.20	-9.1	-10.6	20.506
498.8	5086.70	-9.1	-10.6	20.526
498.6	5090.20	-9.2	-10.6	20.542
498.3	5094.70	-9.2	-10.6	20.557
498.1	5099.20	-9.2	-10.5	20.573
497.9	5101.40	-9.2	-10.5	20.593
497.7	5103.70	-9.2	-10.6	20.609
497.4	5105.90	-9.2	-10.5	20.629
497.2	5108.20	-9.2	-10.5	20.650
497.0	5112.20	-9.3	-10.6	20.686
496.7	5116.20	-9.3	-10.6	20.732
496.5	5121.10	-9.3	-10.7	20.799
496.2	5124.10	-9.4	-10.7	20.876
496.0	5127.10	-9.4	-10.7	20.948
495.7	5137.10	-9.5	-11.1	21.010
495.5	5143.10	-9.5	-11.1	21.051
495.3	5145.10	-9.4	-11.0	21.066
495.0	5147.10	-9.5	-11.0	21.051
494.8	5149.10	-9.5	-11.0	21.015
494.6	5151.10	-9.5	-11.1	20.974
494.4	5154.10	-9.5	-11.1	20.938
494.2	5157.10	-9.5	-11.1	20.922
493.9	5160.10	-9.5	-11.0	20.912
493.7	5163.00	-9.5	-10.8	20.907
493.5	5168.50	-9.6	-10.9	20.897
493.3	5174.00	-9.6	-11.1	20.871
493.1	5175.50	-9.7	-11.2	20.830
492.9	5177.00	-9.7	-11.3	20.794
492.6	5180.50	-9.7	-11.3	20.763
492.4	5184.00	-9.7	-11.2	20.763
492.2	5188.00	-10.0	-12.4	20.784
491.9	5192.00	-10.3	-13.3	20.835
491.7	5195.00	-10.6	-13.8	20.902
491.5	5198.00	-10.4	-13.4	20.984
491.3	5203.90	-10.3	-12.9	21.051
491.0	5209.90	-10.2	-12.4	21.087
490.8	5211.40	-10.0	-11.9	21.087
490.6	5212.90	-10.0	-11.7	21.061
490.4	5216.90	-10.0	-11.5	21.010
490.2	5219.90	-9.9	-11.4	20.953
490.0	5222.90	-10.0	-11.4	20.897
489.8	5225.90	-10.0	-11.4	20.845
489.6	5228.90	-10.0	-11.3	20.789
489.4	5231.90	-10.1	-11.5	20.717
489.1	5238.90	-10.2	-11.7	20.629
488.9	5240.90	-10.3	-11.8	20.531
488.7	5242.90	-10.5	-12.5	20.423
488.5	5245.80	-10.7	-13.1	20.315
488.2	5248.80	-10.7	-13.7	20.218
488.0	5251.80	-10.9	-14.2	20.135
487.8	5255.80	-10.9	-14.5	20.084
487.5	5260.80	-11.1	-14.6	20.053
487.3	5265.80	-11.1	-14.7	20.058
487.0	5269.80	-11.1	-14.6	20.079
486.8	5276.80	-11.1	-14.3	20.115
486.6	5279.30	-11.2	-14.5	20.140
486.3	5281.80	-11.2	-14.6	20.161
486.1	5284.30	-11.2	-14.7	20.176
485.9	5286.80	-11.2	-14.7	20.202
485.7	5289.70	-11.4	-15.0	20.238
485.5	5294.70	-11.4	-15.1	20.285
485.3	5298.70	-11.4	-14.8	20.336
485.1	5302.70	-11.5	-15.0	20.403
484.9	5305.70	-11.5	-15.0	20.475
484.7	5308.70	-11.4	-15.1	20.542
484.5	5311.70	-11.4	-15.1	20.603
484.3	5313.20	-11.4	-15.0	20.650
484.1	5314.70	-11.4	-14.8	20.686
483.9	5317.70	-11.4	-14.7	20.722
483.7	5320.70	-11.4	-14.5	20.758
483.5	5323.20	-11.4	-14.8	20.809
483.3	5325.70	-11.5	-15.2	20.886
483.1	5328.20	-11.6	-15.5	20.969
482.9	5330.60	-11.7	-15.8	21.051
482.7	5337.60	-11.8	-16.0	21.113
482.5	5344.60	-11.8	-16.1	21.149
482.2	5346.10	-11.7	-15.7	21.154
482.0	5347.60	-11.7	-15.3	21.113
481.7	5351.10	-11.7	-15.3	21.036
481.5	5354.60	-11.7	-15.2	20.933
481.3	5359.60	-11.7	-15.1	20.814
481.0	5364.60	-11.6	-14.9	20.696
480.8	5368.60	-11.6	-14.8	20.578
480.6	5370.50	-11.7	-14.8	20.459
480.3	5378.50	-11.7	-14.7	20.341
480.1	5382.50	-11.7	-14.6	20.228
479.9	5384.00	-11.6	-14.3	20.120
479.6	5385.50	-11.6	-14.0	20.002
479.4	5388.50	-11.6	-13.8	19.888
479.2	5393.00	-11.6	-13.8	19.780
479.0	5397.50	-11.6	-13.9	19.683
478.8	5401.00	-11.7	-14.1	19.611
478.5	5404.50	-11.7	-14.0	19.564
478.3	5408.50	-11.9	-14.4	19.533
478.1	5412.40	-11.9	-14.5	19.518
477.8	5413.90	-11.9	-14.6	19.497
477.6	5415.40	-11.9	-14.6	19.472
477.3	5420.90	-12.0	-14.6	19.436
477.0	5426.40	-12.1	-14.7	19.384
476.8	5430.40	-12.1	-14.8	19.312
476.5	5434.40	-12.2	-14.9	19.225
476.2	5440.40	-12.2	-14.9	19.117
475.9	5446.40	-12.2	-14.9	19.009
475.6	5453.30	-12.3	-15.0	18.906
475.3	5460.30	-12.3	-14.9	18.818
475.0	5464.30	-12.2	-14.8	18.741
474.7	5467.30	-12.1	-14.8	18.674
474.4	5470.30	-12.2	-14.7	18.592
474.1	5475.30	-12.2	-14.6	18.505
473.8	5480.30	-12.3	-14.8	18.422
473.5	5484.30	-12.3	-14.8	18.340
473.3	5489.30	-12.4	-14.9	18.283
473.0	5493.20	-12.5	-15.2	18.258
472.7	5496.20	-12.5	-15.2	18.273
472.5	5504.20	-12.5	-15.2	18.324
472.2	5509.20	-12.5	-15.3	18.407
471.9	5511.20	-12.6	-15.2	18.515
471.6	5513.20	-12.5	-15.1	18.638
471.3	5517.20	-12.6	-15.2	18.772
471.0	5522.20	-12.7	-15.7	18.896
470.7	5527.20	-12.7	-15.7	19.014
470.4	5532.20	-12.8	-15.8	19.127
470.2	5538.10	-12.7	-15.5	19.230
469.9	5543.10	-12.7	-15.2	19.328
469.6	5552.10	-12.8	-15.3	19.410
469.3	5558.10	-12.8	-15.3	19.477
469.0	5560.60	-12.8	-15.3	19.518
468.7	5563.10	-12.9	-15.3	19.539
468.4	5567.60	-12.9	-15.5	19.544
468.2	5572.10	-13.0	-15.7	19.528
467.9	5575.50	-13.1	-15.7	19.508
467.6	5579.00	-13.1	-15.8	19.492
467.3	5584.40	-13.1	-15.9	19.477
467.0	5589.70	-13.1	-16.0	19.446
466.7	5595.00	-13.1	-16.2	19.410
466.5	5599.70	-13.1	-16.0	19.359
466.2	5604.50	-13.1	-15.9	19.302
465.9	5609.20	-13.1	-16.1	19.256
465.6	5613.90	-13.2	-16.3	19.225
465.3	5618.40	-13.2	-16.2	19.220
465.0	5622.90	-13.2	-16.1	19.230
464.7	5626.40	-13.3	-16.3	19.266
464.4	5629.90	-13.4	-16.4	19.312
464.1	5637.40	-13.4	-16.3	19.364
463.8	5644.90	-13.4	-16.2	19.410
463.5	5649.40	-13.3	-16.0	19.441
463.2	5653.80	-13.3	-15.7	19.436
462.9	5658.30	-13.3	-15.8	19.410
462.6	5662.80	-13.4	-15.8	19.379
462.3	5666.80	-13.4	-15.8	19.348
462.0	5669.80	-13.5	-16.0	19.328
461.7	5673.80	-13.4	-15.6	19.307
461.4	5678.80	-13.3	-15.4	19.287
461.1	5682.80	-13.4	-15.5	19.261
460.8	5696.70	-13.5	-15.6	19.214
460.4	5702.70	-13.6	-16.0	19.148
460.1	5705.20	-13.7	-16.2	19.060
459.8	5707.70	-13.8	-16.3	18.952
459.5	5713.70	-13.8	-16.3	18.834
459.2	5719.70	-13.8	-16.1	18.705
458.9	5724.70	-13.8	-16.2	18.582
458.6	5729.70	-13.9	-16.2	18.469
458.4	5734.10	-14.0	-16.4	18.361
458.1	5738.60	-14.0	-16.5	18.268
457.8	5743.10	-14.0	-16.3	18.186
457.6	5747.60	-14.1	-16.5	18.124
457.4	5749.10	-14.1	-16.5	18.083
457.2	5750.60	-14.1	-16.4	18.062
456.9	5754.60	-14.0	-16.3	18.078
456.7	5758.60	-14.3	-16.6	18.129
456.4	5762.10	-14.3	-16.7	18.211
456.2	5765.60	-14.4	-17.0	18.324
455.9	5769.10	-14.5	-17.2	18.453
455.7	5772.50	-14.2	-16.8	18.592
455.4	5780.50	-13.9	-16.1	18.726
455.1	5788.50	-14.2	-16.5	18.860
454.8	5791.00	-14.4	-17.0	18.998
454.5	5793.50	-14.7	-17.5	19.148
454.2	5799.50	-14.9	-17.7	19.307
453.9	5805.50	-14.8	-17.5	19.472
453.7	5810.40	-14.9	-17.5	19.636
453.4	5814.40	-15.0	-17.7	19.801
453.1	5819.40	-14.9	-17.5	19.950
452.9	5824.40	-14.8	-17.2	20.074
452.6	5832.40	-14.8	-17.1	20.166
452.3	5836.40	-14.8	-17.2	20.228
452.1	5838.40	-14.8	-17.1	20.274
451.8	5840.40	-14.8	-17.1	20.326
451.5	5843.40	-14.7	-17.0	20.393
451.3	5847.40	-14.8	-17.2	20.485
451.0	5852.30	-14.9	-17.3	20.614
450.8	5858.30	-14.9	-17.3	20.763
450.5	5864.30	-14.9	-17.1	20.907
450.3	5868.30	-14.8	-17.1	21.046
450.0	5872.30	-14.8	-17.0	21.169
449.8	5875.80	-14.8	-16.8	21.272
449.6	5879.30	-14.7	-16.7	21.365
449.3	5882.80	-14.6	-16.6	21.452
449.1	5886.30	-14.6	-16.6	21.555
448.9	5889.70	-14.5	-16.5	21.663
448.7	5893.20	-14.5	-16.4	21.771
448.5	5897.20	-14.5	-16.5	21.874
448.3	5901.20	-14.5	-16.5	21.946
448.1	5904.20	-14.6	-16.5	21.998
447.9	5909.20	-14.5	-16.5	22.028
447.7	5911.20	-14.5	-16.5	22.028
447.5	5913.20	-14.5	-16.5	22.003
447.4	5915.20	-14.6	-16.6	21.956
447.2	5919.20	-14.5	-16.5	21.910
447.0	5923.20	-14.5	-16.4	21.874
446.8	5925.20	-14.5	-16.4	21.848
446.5	5927.10	-14.5	-16.4	21.828
446.3	5931.60	-14.6	-16.5	21.812
446.1	5936.10	-14.6	-16.6	21.802
445.9	5942.60	-14.7	-16.7	21.787
445.7	5949.10	-14.7	-16.7	21.771
445.5	5950.60	-14.7	-16.8	21.761
445.2	5952.10	-14.8	-16.8	21.761
445.0	5954.10	-14.8	-16.9	21.761
444.8	5956.10	-14.8	-17.0	21.776
444.6	5960.10	-14.9	-17.0	21.802
444.3	5965.00	-14.8	-17.0	21.843
444.0	5970.00	-14.9	-17.1	21.890
443.8	5974.00	-15.0	-17.1	21.941
443.5	5984.00	-15.0	-17.2	21.982
443.2	5989.00	-15.0	-17.2	22.013
443.0	5992.30	-15.1	-17.2	22.054
442.7	5995.60	-15.1	-17.2	22.101
442.4	5999.00	-15.0	-17.1	22.162
442.1	6004.40	-15.0	-17.1	22.224
441.8	6009.90	-15.0	-17.1	22.296
441.6	6014.40	-15.1	-17.1	22.358
441.3	6018.90	-15.2	-17.2	22.394
441.0	6025.40	-15.2	-17.4	22.404
440.8	6031.90	-15.3	-17.4	22.383
440.5	6033.90	-15.2	-17.3	22.358
440.3	6035.90	-15.1	-17.2	22.332
440.0	6041.30	-15.1	-17.2	22.317
439.8	6046.80	-15.2	-17.2	22.306
439.6	6050.80	-15.2	-17.3	22.301
439.4	6054.80	-15.2	-17.3	22.291
439.1	6057.30	-15.3	-17.3	22.255
438.9	6059.80	-15.2	-17.3	22.193
438.7	6062.80	-15.2	-17.3	22.111
438.5	6069.80	-15.2	-17.3	22.023
438.3	6073.80	-15.2	-17.3	21.936
438.1	6075.30	-15.2	-17.4	21.869
437.9	6076.80	-15.2	-17.3	21.833
437.7	6079.70	-15.2	-17.4	21.818
437.5	6081.70	-15.2	-17.4	21.823
437.3	6085.70	-15.3	-17.4	21.828
437.1	6089.70	-15.3	-17.4	21.818
436.8	6094.70	-15.3	-17.4	21.782
436.6	6099.70	-15.4	-17.5	21.725
436.4	6106.70	-15.4	-17.5	21.653
436.1	6110.70	-15.3	-17.5	21.565
435.9	6114.00	-15.4	-17.5	21.463
435.6	6117.30	-15.4	-17.5	21.339
435.4	6120.60	-15.4	-17.5	21.211
435.1	6124.60	-15.4	-17.6	21.072
434.8	6128.60	-15.5	-17.7	20.928
434.5	6133.60	-15.6	-17.7	20.784
434.3	6139.10	-15.6	-17.8	20.639
433.9	6144.60	-15.6	-17.9	20.495
433.6	6151.60	-15.7	-17.9	20.336
433.3	6158.50	-15.8	-18.0	20.166
432.9	6162.00	-15.8	-18.0	19.981
432.6	6165.50	-15.8	-18.0	19.801
432.2	6172.00	-15.9	-18.0	19.631
431.8	6178.50	-15.9	-18.1	19.477
431.5	6186.00	-16.0	-18.1	19.343
431.1	6193.40	-16.0	-18.2	19.225
430.7	6202.40	-16.0	-18.1	19.127
430.3	6211.90	-16.1	-18.2	19.034
429.9	6221.40	-16.1	-18.2	18.932
429.6	6226.10	-16.1	-18.2	18.808
429.2	6230.80	-16.1	-18.2	18.659
428.9	6235.60	-16.1	-18.1	18.489
428.5	6240.30	-16.1	-18.1	18.304
428.2	6246.30	-16.1	-18.1	18.119
427.8	6252.30	-16.1	-18.1	17.944
427.5	6257.30	-16.1	-18.2	17.789
427.2	6262.30	-16.1	-18.2	17.656
426.8	6267.20	-16.2	-18.3	17.537
426.5	6280.20	-16.3	-18.4	17.429
426.1	6287.20	-16.4	-18.5	17.342
425.8	6290.70	-16.4	-18.5	17.270
425.5	6294.20	-16.4	-18.5	17.218
425.1	6300.20	-16.4	-18.5	17.182
424.8	6306.10	-16.4	-18.5	17.167
424.5	6312.10	-16.5	-18.6	17.167
424.1	6317.10	-16.5	-18.6	17.177
423.8	6323.10	-16.6	-18.7	17.198
423.5	6329.10	-16.6	-18.8	17.218
423.2	6337.60	-16.7	-18.8	17.239
422.9	6346.00	-16.7	-18.9	17.244
422.5	6348.50	-16.8	-19.0	17.244
422.2	6351.00	-16.8	-19.0	17.234
421.9	6356.50	-16.8	-19.1	17.208
421.6	6362.00	-16.9	-19.1	17.167
421.2	6367.00	-16.9	-19.2	17.105
420.9	6372.00	-16.9	-19.2	17.023
420.5	6379.40	-17.0	-19.2	16.925
420.2	6386.90	-17.0	-19.2	16.817
419.8	6395.40	-17.1	-19.3	16.709
419.4	6403.90	-17.1	-19.4	16.606
419.1	6407.90	-17.2	-19.5	16.529
418.7	6411.80	-17.2	-19.5	16.467
418.4	6419.80	-17.2	-19.5	16.457
418.0	6427.80	-17.2	-19.5	16.483
417.7	6433.80	-17.3	-19.6	16.539
417.4	6438.80	-17.3	-19.6	16.627
417.0	6443.80	-17.4	-19.6	16.719
416.7	6452.70	-17.4	-19.7	16.807
416.4	6461.70	-17.4	-19.7	16.889
416.0	6466.70	-17.4	-19.7	16.951
415.7	6469.20	-17.5	-19.8	17.018
415.4	6471.70	-17.5	-19.8	17.090
415.1	6477.70	-17.6	-19.9	17.193
414.8	6484.60	-17.6	-19.9	17.316
414.4	6489.60	-17.6	-19.9	17.460
414.1	6494.60	-17.7	-20.0	17.599
413.8	6501.10	-17.7	-20.0	17.717
413.4	6507.60	-17.7	-20.1	17.795
413.1	6519.60	-17.8	-20.1	17.825
412.8	6525.50	-17.8	-20.1	17.820
412.4	6530.20	-17.9	-20.2	17.789
412.1	6534.80	-17.9	-20.2	17.748
411.7	6539.50	-17.9	-20.2	17.712
411.4	6545.50	-17.9	-20.3	17.692
411.1	6551.50	-18.0	-20.3	17.681
410.7	6556.90	-18.0	-20.4	17.666
410.4	6562.40	-18.0	-20.4	17.640
410.1	6571.40	-18.1	-20.4	17.584
409.7	6580.40	-18.1	-20.5	17.501
409.4	6589.40	-18.2	-20.5	17.404
409.1	6592.30	-18.2	-20.6	17.311
408.8	6595.30	-18.3	-20.6	17.254
408.4	6599.80	-18.3	-20.7	17.234
408.1	6604.30	-18.4	-20.8	17.254
407.8	6610.80	-18.4	-20.8	17.316
407.5	6617.30	-18.4	-20.8	17.398
407.2	6621.80	-18.4	-20.9	17.491
407.0	6626.30	-18.5	-20.9	17.584
406.7	6633.20	-18.5	-20.9	17.666
406.4	6640.20	-18.5	-21.0	17.738
406.1	6643.70	-18.5	-21.0	17.805
405.8	6647.20	-18.6	-21.0	17.882
405.6	6651.70	-18.6	-21.1	17.970
405.3	6656.20	-18.6	-21.1	18.067
405.0	6661.20	-18.7	-21.2	18.175
404.7	6667.10	-18.8	-21.3	18.288
404.5	6673.10	-18.8	-21.3	18.391
404.2	6678.10	-18.8	-21.3	18.484
403.9	6687.10	-18.8	-21.3	18.566
403.7	6691.10	-18.9	-21.4	18.638
403.4	6693.60	-18.9	-21.4	18.700
403.1	6696.10	-18.9	-21.5	18.746
402.9	6700.00	-18.9	-21.5	18.787
402.6	6706.00	-18.9	-21.5	18.818
402.4	6711.00	-19.0	-21.6	18.854
402.1	6716.00	-19.0	-21.6	18.890
401.8	6721.00	-19.0	-21.6	18.942
401.5	6727.00	-19.0	-21.6	19.014
401.3	6732.90	-19.1	-21.7	19.086
401.0	6735.90	-19.1	-21.8	19.148
400.7	6738.90	-19.2	-21.8	19.189
400.4	6746.40	-19.2	-21.7	19.204
400.1	6753.90	-19.2	-21.8	19.194
399.9	6757.90	-19.3	-21.8	19.168
399.6	6761.90	-19.3	-21.8	19.132
399.3	6767.30	-19.3	-21.9	19.117
399.1	6772.80	-19.4	-21.9	19.122
398.8	6778.80	-19.4	-22.0	19.158
398.6	6784.80	-19.4	-22.0	19.214
398.3	6789.80	-19.4	-22.0	19.287
398.0	6792.30	-19.4	-22.0	19.343
397.8	6794.80	-19.4	-22.1	19.384
397.5	6799.80	-19.5	-22.1	19.420
397.2	6804.70	-19.6	-22.2	19.456
397.0	6808.70	-19.6	-22.2	19.513
396.7	6814.70	-19.5	-22.1	19.590
396.4	6819.70	-19.5	-22.1	19.693
396.1	6824.70	-19.6	-22.2	19.806
395.8	6836.60	-19.6	-22.2	19.909
395.6	6842.60	-19.6	-22.3	19.986
395.3	6846.10	-19.7	-22.2	20.048
395.0	6849.60	-19.7	-22.2	20.099
394.7	6855.60	-19.7	-22.3	20.151
394.4	6859.60	-19.7	-22.3	20.218
394.1	6863.60	-19.8	-22.4	20.300
393.8	6868.60	-19.8	-22.4	20.403
393.6	6873.50	-19.8	-22.5	20.516
393.3	6879.50	-19.9	-22.6	20.609
393.0	6892.50	-20.0	-22.6	20.676
392.7	6896.50	-20.0	-22.6	20.696
392.4	6902.00	-20.0	-22.6	20.696
392.1	6907.40	-19.9	-22.6	20.686
391.8	6914.40	-20.0	-22.6	20.676
391.5	6921.40	-20.1	-22.7	20.681
391.2	6926.40	-20.2	-22.8	20.701
391.0	6931.40	-20.2	-22.9	20.722
390.7	6935.40	-20.2	-22.9	20.722
390.4	6942.30	-20.3	-22.9	20.701
390.1	6949.30	-20.3	-22.9	20.655
389.9	6951.80	-20.3	-23.0	20.593
389.6	6954.30	-20.4	-23.0	20.521
389.3	6959.80	-20.4	-23.1	20.454
389.1	6965.30	-20.4	-23.1	20.408
388.8	6971.80	-20.5	-23.2	20.398
388.5	6978.20	-20.6	-23.2	20.418
388.2	6982.20	-20.6	-23.3	20.459
387.9	6986.20	-20.6	-23.3	20.521
387.7	6994.20	-20.7	-23.4	20.598
387.4	7002.20	-20.7	-23.5	20.696
387.1	7005.20	-20.8	-23.5	20.809
386.8	7008.10	-20.8	-23.5	20.938
386.6	7011.80	-20.8	-23.6	21.082
386.3	7015.50	-20.9	-23.6	21.226
386.0	7019.10	-20.9	-23.6	21.370
385.8	7026.10	-20.9	-23.6	21.514
385.5	7033.10	-21.0	-23.7	21.648
385.3	7035.10	-21.0	-23.7	21.776
385.1	7037.10	-21.0	-23.7	21.900
384.9	7040.70	-21.0	-23.7	22.023
384.6	7044.40	-21.1	-23.8	22.152
384.4	7048.00	-21.1	-23.8	22.281
384.2	7052.40	-21.2	-23.9	22.414
384.0	7056.70	-21.2	-24.0	22.543
383.8	7061.00	-21.1	-24.0	22.656
383.5	7065.30	-21.3	-24.1	22.759
383.3	7069.60	-21.3	-24.1	22.831
383.0	7074.00	-21.3	-24.1	22.888
382.7	7077.90	-21.2	-24.1	22.939
382.5	7093.90	-21.2	-24.0	23.011
382.2	7097.40	-21.2	-24.0	23.114
381.9	7100.90	-21.2	-24.0	23.243
381.6	7107.40	-21.2	-24.0	23.387
381.3	7113.80	-21.2	-23.9	23.531
381.0	7118.80	-20.9	-23.7	23.664
380.7	7123.80	-20.6	-23.3	23.767
380.4	7128.80	-20.7	-23.3	23.834
380.1	7133.80	-20.9	-23.5	23.865
379.8	7144.20	-20.8	-23.4	23.870
379.5	7154.70	-20.6	-23.2	23.865
379.2	7158.20	-20.6	-23.3	23.875
378.8	7161.70	-20.7	-23.3	23.911
378.5	7168.70	-20.8	-23.4	23.989
378.1	7174.70	-20.8	-23.4	24.081
377.8	7180.60	-20.9	-23.5	24.174
377.4	7188.60	-20.9	-23.6	24.241
377.1	7195.60	-20.9	-23.6	24.256
376.7	7202.60	-20.9	-23.6	24.225
376.3	7217.50	-21.0	-23.7	24.153
375.9	7227.50	-21.1	-23.8	24.050
375.5	7232.00	-21.1	-23.8	23.932
375.1	7236.50	-21.2	-23.9	23.824
374.7	7244.90	-21.2	-24.0	23.736
374.2	7253.40	-21.3	-24.0	23.675
373.8	7262.40	-21.4	-24.1	23.634
373.4	7270.40	-21.4	-24.2	23.603
372.9	7277.30	-21.5	-24.3	23.567
372.5	7285.30	-21.6	-24.4	23.536
372.0	7303.30	-21.7	-24.5	23.505
371.6	7312.20	-21.8	-24.6	23.484
371.1	7317.20	-21.8	-24.6	23.469
370.7	7322.20	-21.8	-24.7	23.474
370.2	7332.20	-21.9	-24.8	23.495
369.7	7342.10	-22.1	-24.9	23.531
369.2	7352.10	-22.1	-25.0	23.572
368.7	7362.10	-22.2	-25.1	23.613
368.2	7372.10	-22.3	-25.2	23.644
367.8	7382.00	-22.4	-25.2	23.664
367.3	7397.00	-22.5	-25.3	23.675
366.8	7411.90	-22.6	-25.4	23.685
366.3	7419.90	-22.6	-25.5	23.695
365.8	7427.90	-22.7	-25.6	23.690
365.3	7435.90	-22.8	-25.7	23.675
364.8	7443.80	-22.8	-25.7	23.639
364.3	7451.80	-22.9	-25.8	23.577
363.8	7460.30	-22.9	-25.8	23.500
363.4	7468.80	-22.9	-25.8	23.407
362.9	7482.70	-22.9	-25.9	23.309
362.4	7496.70	-23.0	-25.9	23.207
362.0	7502.30	-23.1	-26.0	23.109
361.5	7508.00	-23.2	-26.1	23.016
361.0	7513.60	-23.5	-26.5	22.924
360.5	7522.60	-23.6	-26.6	22.826
360.1	7532.60	-23.6	-26.8	22.718
359.6	7544.00	-23.7	-26.8	22.600
359.0	7555.50	-23.8	-26.9	22.466
358.5	7566.00	-23.9	-26.9	22.317
358.0	7576.40	-23.9	-26.9	22.162
357.5	7592.90	-23.8	-26.8	22.008
356.9	7609.30	-23.8	-26.8	21.874
356.4	7617.30	-23.8	-26.8	21.751
355.9	7625.30	-23.8	-26.8	21.638
355.4	7633.20	-23.9	-26.8	21.540
354.9	7643.20	-24.0	-26.9	21.452
354.4	7653.20	-24.1	-27.0	21.391
353.9	7663.20	-24.2	-27.2	21.339
353.4	7673.10	-24.3	-27.2	21.303
352.9	7681.60	-24.4	-27.4	21.262
352.5	7690.10	-24.4	-27.4	21.205
352.0	7699.50	-24.6	-27.6	21.123
351.6	7709.00	-24.6	-27.6	21.015
351.1	7718.20	-24.7	-27.6	20.886
350.6	7727.40	-24.8	-27.8	20.727
350.2	7736.70	-24.9	-27.9	20.537
349.8	7745.90	-25.1	-28.1	20.310
349.3	7755.40	-25.2	-28.3	20.053
348.9	7764.80	-25.3	-28.4	19.770
348.4	7773.80	-25.3	-28.5	19.456
348.0	7782.80	-25.4	-28.5	19.117
347.5	7798.70	-25.5	-28.6	18.767
347.1	7803.70	-25.5	-28.7	18.407
346.6	7808.70	-25.6	-28.8	18.062
346.2	7819.70	-25.7	-28.9	17.738
345.7	7829.60	-25.8	-28.9	17.435
345.3	7839.60	-25.9	-29.1	17.157
344.9	7849.60	-26.1	-29.2	16.894
344.5	7858.50	-26.1	-29.3	16.642
344.1	7865.50	-26.1	-29.3	16.406
343.7	7871.50	-26.2	-29.5	16.190
343.4	7884.40	-26.3	-29.6	15.989
343.0	7887.40	-26.4	-29.7	15.814
342.7	7890.40	-26.4	-29.7	15.660
342.4	7897.40	-26.4	-29.7	15.526
342.0	7904.40	-26.5	-29.8	15.408
341.7	7911.40	-26.7	-30.0	15.289
341.4	7917.30	-26.6	-29.9	15.166
341.1	7925.30	-26.6	-29.9	15.032
340.8	7932.30	-26.6	-29.9	14.914
340.5	7939.30	-26.7	-29.9	14.821
340.2	7944.30	-26.7	-29.9	14.765
339.9	7949.20	-26.7	-29.9	14.744
339.6	7954.20	-26.8	-30.0	14.734
339.3	7959.20	-26.8	-30.1	14.734
339.0	7967.20	-26.8	-30.1	14.713
338.7	7975.20	-26.9	-30.2	14.672
338.5	7981.10	-26.9	-30.2	14.620
338.2	7987.10	-27.0	-30.2	14.569
337.9	7992.60	-27.1	-30.4	14.538
337.6	7998.10	-27.2	-30.5	14.543
337.3	8004.60	-27.2	-30.5	14.600
337.0	8011.00	-27.2	-30.5	14.708
336.7	8017.50	-27.2	-30.6	14.847
336.4	8024.00	-27.3	-30.6	15.006
336.2	8030.00	-27.4	-30.7	15.161
335.9	8034.00	-27.4	-30.8	15.305
335.6	8038.90	-27.4	-30.8	15.433
335.3	8046.90	-27.5	-30.9	15.557
335.0	8053.90	-27.5	-30.9	15.680
334.7	8059.90	-27.5	-30.9	15.819
334.4	8065.40	-27.6	-31.0	15.968
334.1	8070.80	-27.6	-31.1	16.123
333.9	8077.80	-27.7	-31.2	16.282
333.6	8085.80	-27.9	-31.3	16.436
333.3	8092.80	-27.9	-31.3	16.591
333.1	8099.70	-27.9	-31.3	16.745
332.8	8103.70	-27.9	-31.3	16.889
332.6	8107.70	-27.9	-31.4	17.023
332.3	8110.70	-27.9	-31.4	17.136
332.1	8113.70	-28.0	-31.4	17.229
331.9	8119.20	-28.2	-31.7	17.290
331.7	8124.70	-28.2	-31.7	17.321
331.5	8129.60	-28.2	-31.6	17.347
331.3	8134.60	-28.1	-31.6	17.388
331.0	8138.10	-28.3	-31.8	17.455
330.8	8141.60	-28.5	-32.0	17.558
330.6	8146.60	-28.3	-31.7	17.697
330.4	8151.60	-28.3	-31.8	17.825
330.1	8156.60	-28.3	-31.8	17.934
329.9	8164.50	-28.4	-31.8	17.980
329.7	8172.50	-28.4	-31.9	17.975
329.5	8174.50	-28.4	-31.9	17.908
329.2	8176.50	-28.5	-32.0	17.810
329.0	8182.00	-28.5	-32.0	17.707
328.7	8187.50	-28.6	-32.1	17.630
328.5	8192.90	-28.6	-32.1	17.584
328.2	8198.40	-28.7	-32.3	17.573
328.0	8204.40	-28.7	-32.3	17.594
327.7	8210.40	-28.7	-32.3	17.604
327.4	8217.40	-28.8	-32.3	17.609
327.2	8228.30	-28.8	-32.4	17.589
326.9	8230.30	-28.9	-32.4	17.563
326.6	8232.30	-28.9	-32.5	17.537
326.3	8239.30	-29.0	-32.5	17.522
326.0	8245.30	-29.1	-32.7	17.527
325.8	8252.20	-29.2	-32.7	17.548
325.5	8259.20	-29.1	-32.7	17.584
325.2	8265.20	-29.2	-32.8	17.609
324.9	8271.20	-29.2	-32.8	17.625
324.6	8280.10	-29.3	-32.9	17.615
324.3	8288.10	-29.3	-32.9	17.573
324.0	8295.10	-29.4	-33.0	17.507
323.7	8299.10	-29.4	-33.0	17.419
323.4	8304.60	-29.5	-33.0	17.321
323.1	8310.00	-29.5	-33.1	17.218
322.8	8317.00	-29.6	-33.2	17.116
322.5	8323.00	-29.6	-33.2	17.008
322.2	8329.50	-29.7	-33.3	16.899
322.0	8336.00	-29.8	-33.4	16.797
321.7	8342.60	-29.8	-33.4	16.694
321.4	8349.20	-29.9	-33.5	16.611
321.1	8355.90	-29.9	-33.6	16.560
320.8	8364.90	-30.0	-33.6	16.545
320.5	8370.80	-30.1	-33.8	16.570
320.2	8376.80	-30.3	-33.9	16.627
319.9	8382.80	-30.3	-33.9	16.704
319.6	8388.80	-30.3	-33.9	16.797
319.3	8394.80	-30.2	-33.9	16.899
319.0	8401.20	-30.4	-34.0	16.992
318.7	8407.70	-30.5	-34.1	17.080
318.4	8413.70	-30.4	-34.1	17.167
318.1	8420.30	-30.5	-34.1	17.270
317.9	8427.00	-30.5	-34.2	17.393
317.6	8433.60	-30.6	-34.2	17.543
317.3	8439.60	-30.6	-34.3	17.702
317.0	8445.60	-30.7	-34.4	17.856
316.7	8453.60	-30.8	-34.4	17.990
316.4	8461.50	-31.0	-34.7	18.088
316.0	8468.50	-30.9	-34.5	18.144
315.7	8474.50	-30.9	-34.6	18.175
315.4	8482.50	-31.0	-34.7	18.211
315.0	8490.40	-31.0	-34.7	18.273
314.7	8498.40	-31.1	-34.8	18.376
314.3	8506.60	-31.2	-34.9	18.520
313.9	8514.90	-31.2	-34.9	18.705
313.5	8523.10	-31.2	-34.9	18.901
313.1	8531.30	-31.2	-34.9	19.070
312.6	8540.30	-31.4	-35.1	19.204
312.2	8549.20	-31.4	-35.1	19.292
311.8	8559.70	-31.6	-35.3	19.333
311.3	8570.20	-31.7	-35.4	19.353
310.9	8579.10	-31.6	-35.3	19.359
310.5	8588.10	-31.7	-35.4	19.374
310.1	8597.40	-31.7	-35.5	19.425
309.7	8606.70	-31.8	-35.5	19.497
309.3	8616.00	-31.8	-35.6	19.580
309.0	8625.00	-31.9	-35.6	19.657
308.6	8633.90	-31.9	-35.6	19.698
308.2	8642.90	-32.1	-35.8	19.708
307.8	8651.90	-32.3	-36.0	19.693
307.4	8662.80	-32.4	-36.1	19.662
307.1	8673.80	-32.4	-36.2	19.636
306.7	8684.30	-32.6	-36.3	19.616
306.2	8694.70	-32.7	-36.5	19.621
305.8	8703.40	-32.8	-36.6	19.657
305.4	8712.00	-32.9	-36.6	19.724
305.0	8720.60	-33.0	-36.7	19.811
304.6	8726.60	-33.0	-36.8	19.904
304.2	8732.60	-33.1	-36.9	19.971
303.7	8746.60	-33.1	-36.8	19.996
303.3	8760.50	-33.0	-36.8	19.981
302.9	8768.50	-33.3	-37.0	19.919
302.5	8773.00	-33.6	-37.3	19.816
302.1	8777.40	-33.4	-37.1	19.708
301.7	8787.40	-33.5	-37.3	19.611
301.3	8797.40	-33.6	-37.4	19.523
300.9	8808.30	-33.7	-37.5	19.467
300.5	8817.30	-33.8	-37.6	19.425
300.1	8825.30	-33.8	-37.6	19.400
299.8	8833.20	-33.8	-37.6	19.400
299.4	8852.20	-33.8	-37.6	19.446
299.0	8863.10	-34.1	-37.9	19.492
298.6	8867.60	-34.3	-38.1	19.513
298.2	8872.10	-34.5	-38.3	19.518
297.8	8879.10	-34.7	-38.5	19.533
297.4	8885.10	-34.5	-38.3	19.554
297.0	8892.00	-34.2	-38.1	19.580
296.6	8899.00	-34.4	-38.3	19.611
296.3	8907.50	-34.6	-38.6	19.621
295.9	8916.00	-34.9	-38.8	19.580
295.5	8928.90	-34.9	-38.8	19.492
295.1	8941.90	-34.9	-38.8	19.348
294.7	8945.80	-35.0	-39.0	19.158
294.4	8949.80	-35.1	-39.1	18.942
294.0	8958.80	-35.2	-39.1	18.695
293.7	8967.80	-35.2	-39.2	18.407
293.3	8975.70	-35.2	-39.2	18.119
293.0	8983.70	-35.2	-39.2	17.867
292.6	8990.20	-35.5	-39.4	17.651
292.3	8996.70	-35.7	-39.7	17.460
292.0	9008.10	-35.5	-39.5	17.290
291.7	9019.60	-35.3	-39.3	17.141
291.4	9024.10	-35.5	-39.5	17.013
291.0	9028.60	-35.6	-39.6	16.899
290.7	9036.50	-35.8	-39.8	16.807
290.3	9044.50	-36.1	-40.1	16.730
290.0	9051.50	-35.9	-39.9	16.668
289.7	9058.40	-36.1	-40.1	16.622
289.4	9066.40	-36.1	-40.2	16.570
289.1	9074.40	-36.1	-40.1	16.503
288.8	9093.30	-36.3	-40.3	16.411
288.5	9100.30	-36.4	-40.4	16.298
288.2	9104.00	-36.3	-40.3	16.154
287.9	9107.80	-36.3	-40.3	15.989
287.7	9111.50	-36.5	-40.5	15.799
287.4	9115.20	-36.7	-40.7	15.603
287.2	9121.90	-36.7	-40.7	15.408
286.9	9128.50	-36.8	-40.7	15.222
286.6	9135.20	-36.8	-40.8	15.053
286.4	9140.40	-36.8	-40.9	14.909
286.1	9145.60	-36.9	-40.9	14.775
285.8	9150.90	-36.9	-41.0	14.646
285.5	9156.10	-37.1	-41.2	14.512
285.2	9164.60	-37.0	-41.1	14.389
284.9	9173.00	-37.0	-41.2	14.281
284.6	9179.00	-37.2	-41.3	14.204
284.3	9185.00	-37.5	-41.6	14.142
284.0	9193.00	-37.5	-41.7	14.106
283.7	9200.90	-37.7	-41.8	14.080
283.4	9214.40	-37.5	-41.6	14.055
283.1	9227.80	-37.8	-41.9	14.013
282.8	9230.80	-37.7	-41.8	13.957
282.5	9233.80	-37.7	-41.8	13.869
282.2	9239.80	-37.7	-41.9	13.767
281.9	9245.80	-37.8	-42.0	13.658
281.6	9253.70	-37.8	-41.9	13.571
281.3	9262.70	-37.9	-42.0	13.504
281.0	9270.70	-38.0	-42.2	13.463
280.7	9276.70	-38.0	-42.2	13.437
280.4	9282.60	-38.1	-42.3	13.401
280.1	9297.60	-38.0	-42.2	13.350
279.9	9304.60	-38.1	-42.3	13.278
279.6	9307.00	-38.2	-42.4	13.180
279.3	9309.50	-38.3	-42.5	13.103
279.0	9315.50	-38.5	-42.7	13.067
278.8	9323.50	-38.8	-42.9	13.093
278.5	9332.50	-38.5	-42.7	13.180
278.2	9339.40	-38.6	-42.8	13.334
277.9	9344.90	-38.6	-42.8	13.540
277.6	9350.40	-38.7	-42.9	13.761
277.4	9360.80	-38.7	-42.9	13.977
277.1	9371.30	-38.8	-43.0	14.163
276.8	9374.30	-38.7	-43.0	14.317
276.5	9377.30	-38.7	-42.9	14.456
276.2	9383.80	-38.7	-43.0	14.595
276.0	9390.20	-38.7	-43.0	14.754
275.7	9397.20	-38.9	-43.1	14.950
275.4	9404.20	-39.0	-43.3	15.186
275.1	9414.10	-39.0	-43.3	15.444
274.8	9424.10	-39.1	-43.4	15.706
274.5	9435.60	-38.9	-43.2	15.958
274.2	9447.00	-38.7	-43.1	16.184
273.9	9448.50	-39.0	-43.3	16.385
273.7	9450.00	-39.2	-43.5	16.550
273.4	9458.00	-39.1	-43.4	16.694
273.2	9466.00	-39.0	-43.3	16.838
272.9	9473.90	-39.1	-43.4	16.992
272.7	9481.90	-39.1	-43.5	17.162
272.4	9485.90	-39.2	-43.4	17.342
272.2	9489.90	-39.2	-43.5	17.517
271.9	9499.80	-39.2	-43.5	17.692
271.7	9509.80	-39.3	-43.6	17.861
271.5	9513.80	-39.5	-43.8	18.011
271.3	9517.80	-39.3	-43.6	18.119
271.0	9523.70	-39.3	-43.6	18.180
270.8	9525.70	-39.3	-43.6	18.186
270.6	9529.70	-39.3	-43.6	18.150
270.4	9534.70	-39.3	-43.7	18.078
270.2	9539.70	-39.4	-43.7	17.995
270.0	9545.30	-39.6	-43.9	17.908
269.7	9551.00	-39.5	-43.9	17.841
269.5	9556.60	-39.5	-43.9	17.789
269.3	9562.30	-39.6	-43.9	17.759
269.1	9567.90	-39.6	-44.0	17.728
268.9	9573.60	-39.7	-44.0	17.692
268.6	9580.00	-39.7	-44.1	17.635
268.4	9586.50	-39.7	-44.1	17.543
268.2	9592.00	-39.7	-44.1	17.419
268.0	9597.50	-39.8	-44.2	17.301
267.8	9604.40	-39.8	-44.2	17.203
267.6	9611.40	-40.1	-44.5	17.136
267.4	9614.40	-40.0	-44.4	17.100
267.2	9617.40	-40.0	-44.3	17.090
267.0	9621.40	-40.1	-44.5	17.090
266.8	9626.90	-40.1	-44.5	17.100
266.6	9632.30	-40.2	-44.6	17.105
266.4	9638.30	-40.2	-44.6	17.085
266.2	9644.30	-40.3	-44.7	17.054
266.0	9649.30	-40.3	-44.7	17.018
265.9	9652.90	-40.3	-44.7	16.987
265.7	9656.40	-40.4	-44.8	16.987
265.5	9660.00	-40.4	-44.8	17.018
265.3	9663.60	-40.4	-44.9	17.095
265.2	9667.20	-40.5	-44.9	17.203
265.0	9672.20	-40.5	-44.9	17.316
264.9	9678.20	-40.6	-45.0	17.445
264.7	9684.10	-40.6	-45.0	17.563
264.6	9686.80	-40.6	-45.0	17.651
264.5	9689.50	-40.6	-45.1	17.712
264.3	9692.10	-40.7	-45.1	17.764
264.2	9694.80	-40.7	-45.1	17.815
264.1	9697.40	-40.7	-45.2	17.892
263.9	9700.10	-40.8	-45.2	17.995
263.8	9702.10	-40.8	-45.2	18.114
263.7	9706.10	-40.8	-45.2	18.227
263.5	9709.50	-40.9	-45.3	18.330
263.4	9713.00	-40.9	-45.4	18.422
263.2	9716.50	-41.0	-45.4	18.494
263.1	9720.00	-41.0	-45.5	18.546
262.9	9724.00	-41.1	-45.6	18.582
262.7	9729.00	-41.1	-45.6	18.607
262.6	9733.90	-41.1	-45.6	18.633
262.4	9738.90	-41.1	-45.6	18.674
262.2	9742.90	-41.1	-45.6	18.721
262.1	9746.90	-41.2	-45.7	18.757
261.9	9750.90	-41.2	-45.7	18.772
261.7	9755.90	-41.2	-45.7	18.772
261.6	9760.80	-41.3	-45.8	18.757
261.4	9764.80	-41.4	-45.8	18.741
261.3	9768.80	-41.4	-45.9	18.736
261.1	9773.30	-41.4	-45.9	18.741
261.0	9777.80	-41.5	-45.9	18.751
260.8	9780.30	-41.5	-46.0	18.767
260.7	9782.80	-41.5	-46.0	18.787
260.5	9787.70	-41.5	-46.1	18.813
260.3	9792.70	-41.5	-46.1	18.844
260.2	9796.20	-41.6	-46.1	18.890
260.0	9799.70	-41.6	-46.1	18.937
259.9	9803.20	-41.6	-46.1	19.009
259.7	9806.70	-41.7	-46.2	19.081
259.5	9817.60	-41.7	-46.2	19.153
259.4	9821.60	-41.7	-46.2	19.225
259.2	9823.60	-41.8	-46.3	19.292
259.0	9825.60	-41.8	-46.3	19.348
258.9	9830.60	-41.9	-46.4	19.384
258.7	9836.60	-41.9	-46.4	19.410
258.6	9842.50	-41.9	-46.4	19.431
258.4	9847.50	-41.9	-46.5	19.446
258.2	9851.70	-42.0	-46.5	19.456
258.1	9855.90	-42.0	-46.5	19.461
257.9	9860.10	-42.0	-46.5	19.436
257.8	9864.20	-42.0	-46.5	19.374
257.6	9868.40	-42.0	-46.6	19.271
257.4	9871.40	-42.1	-46.7	19.142
257.3	9874.40	-42.2	-46.8	18.988
257.1	9878.40	-42.2	-46.8	18.818
256.9	9882.40	-42.3	-46.8	18.628
256.7	9887.70	-42.3	-46.9	18.433
256.5	9893.00	-42.4	-46.9	18.252
256.3	9898.30	-42.4	-47.0	18.088
256.1	9903.60	-42.4	-47.0	17.939
255.9	9908.90	-42.3	-46.9	17.795
255.7	9914.30	-42.3	-46.9	17.645
255.5	9921.70	-42.4	-47.0	17.491
255.3	9929.20	-42.4	-47.0	17.342
255.0	9935.20	-42.4	-47.0	17.203
254.8	9941.20	-42.4	-47.0	17.100
254.6	9946.10	-42.5	-47.1	17.033
254.4	9953.10	-42.5	-47.1	17.008
254.2	9959.10	-42.5	-47.1	17.013
254.0	9963.30	-42.6	-47.1	17.033
253.8	9967.40	-42.6	-47.2	17.064
253.7	9971.60	-42.7	-47.3	17.090
253.5	9975.80	-42.7	-47.3	17.069
253.3	9980.00	-42.8	-47.4	17.013
253.1	9984.00	-42.9	-47.4	16.930
252.9	9990.00	-42.9	-47.5	16.827
252.6	9995.90	-43.0	-47.6	16.709
252.4	10001.90	-43.0	-47.6	16.586
252.2	10008.90	-43.1	-47.7	16.447
252.0	10014.40	-43.2	-47.8	16.308
251.7	10019.80	-43.2	-47.8	16.169
251.5	10025.30	-43.3	-47.9	16.020
251.2	10030.80	-43.4	-48.0	15.876
251.0	10037.80	-43.5	-48.1	15.742
250.7	10045.70	-43.5	-48.1	15.634
250.5	10053.70	-43.6	-48.2	15.557
250.2	10061.70	-43.6	-48.2	15.531
250.0	10067.70	-43.6	-48.3	15.572
249.7	10077.60	-43.7	-48.3	15.670
249.5	10087.60	-43.8	-48.4	15.824
249.2	10093.40	-43.8	-48.4	16.025
249.0	10099.30	-43.9	-48.5	16.272
248.7	10105.10	-43.9	-48.6	16.555
248.4	10111.00	-44.0	-48.7	16.869
248.2	10116.80	-44.1	-48.7	17.213
247.9	10122.70	-44.1	-48.8	17.584
247.6	10128.50	-44.2	-48.9	17.964
247.4	10134.40	-44.3	-48.9	18.350
247.1	10142.40	-44.4	-49.0	18.726
246.8	10150.30	-44.4	-49.1	19.091
246.5	10158.30	-44.5	-49.2	19.441
246.2	10166.30	-44.6	-49.2	19.765
245.9	10174.20	-44.7	-49.3	20.068
245.6	10182.20	-44.7	-49.4	20.341
245.3	10190.20	-44.8	-49.4	20.588
245.0	10198.10	-44.8	-49.5	20.804
244.7	10206.10	-44.9	-49.5	20.994
244.5	10214.60	-44.9	-49.5	21.159
244.2	10223.00	-44.9	-49.6	21.293
243.9	10229.00	-45.0	-49.7	21.391
